Id,Amount,EntryDate,Date,ReceiptNumber,PaymentTotal,TransactionTypeId,MemberId,InterestTotal,PaymentCompleted,EntryType,IsReversal,ReversedBy
15570,20,37:02.7,00:00.0,2152,0,1,304,0,0,cr,0,
15571,20,39:24.3,00:00.0,2153,0,1,303,0,0,cr,0,
15572,100,40:51.0,00:00.0,2154,0,1,18,0,0,cr,0,
15573,20,44:08.0,00:00.0,1158,0,3,306,0,0,cr,0,
15574,10,44:08.0,00:00.0,1158,0,1,306,0,0,cr,0,
15575,100,46:40.1,00:00.0,1166,0,3,1,0,0,cr,0,
15576,20,46:40.1,00:00.0,1166,0,1,1,0,0,cr,0,
15577,20,48:35.9,00:00.0,2106,0,1,20,0,0,cr,0,
15578,10,49:39.0,00:00.0,2107,0,1,320,0,0,cr,0,
15579,100,50:52.2,00:00.0,2108,0,3,295,0,0,cr,0,
15580,20,52:25.4,00:00.0,1169,0,1,324,0,0,cr,0,
15581,20,54:38.5,00:00.0,1170,0,3,14,0,0,cr,0,
15582,20,54:38.5,00:00.0,1170,0,1,14,0,0,cr,0,
15583,20,57:24.8,00:00.0,1171,0,3,303,0,0,cr,0,
15584,10,57:24.8,00:00.0,1171,0,1,303,0,0,cr,0,
15585,20,58:38.4,00:00.0,2155,0,1,8,0,0,cr,0,
15586,20,59:53.6,00:00.0,2156,0,1,318,0,0,cr,0,
15587,20,01:03.2,00:00.0,2157,0,1,307,0,0,cr,0,
15588,200,02:17.4,00:00.0,2158,0,1,1572,0,0,cr,0,
15589,100,04:16.4,00:00.0,2159,0,1,316,0,0,cr,0,
15590,50,33:44.3,00:00.0,2160,0,1,1573,0,0,cr,0,
15591,50,37:29.2,00:00.0,2161,0,1,317,0,0,cr,0,
15592,50,40:29.3,00:00.0,2162,0,1,17,0,0,cr,0,
15593,20,42:25.4,00:00.0,2163,0,1,12,0,0,cr,0,
15594,100,44:01.6,00:00.0,2164,0,3,1572,0,0,cr,0,
15595,200,44:44.0,00:00.0,455,0,1,1572,0,0,cr,0,
15596,50,48:21.8,00:00.0,2167,0,3,1573,0,0,cr,0,
15597,50,57:43.0,00:00.0,2168,0,3,317,0,0,cr,0,
15598,10,59:23.0,00:00.0,2169,0,1,327,0,0,cr,0,
15599,50,01:34.1,00:00.0,2170,0,3,328,0,0,cr,0,
15600,50,01:34.1,00:00.0,2170,0,1,328,0,0,cr,0,
15601,20,09:48.8,00:00.0,2171,0,1,329,0,0,cr,0,
15602,20,13:11.0,00:00.0,1188,0,1,329,0,0,cr,0,
15603,20,13:11.0,00:00.0,2195,0,1,329,0,0,cr,0,
15604,10,15:18.0,00:00.0,1174,0,3,10,0,0,cr,0,
15605,10,15:18.0,00:00.0,1174,0,1,10,0,0,cr,0,
15606,20,31:52.7,00:00.0,1178,0,1,302,0,0,cr,0,
15607,20,33:36.4,00:00.0,2053,0,1,20,0,0,cr,0,
15608,10,35:00.4,00:00.0,2054,0,1,326,0,0,cr,0,
15609,20,39:01.6,00:00.0,2055,0,1,310,0,0,cr,0,
15610,20,29:57.6,00:00.0,2115,0,3,306,0,0,cr,0,
15611,30,30:47.1,00:00.0,2115,0,1,306,0,0,cr,0,
15612,20,31:49.9,00:00.0,2116,0,1,325,0,0,cr,0,
15613,20,33:29.0,00:00.0,1179,0,3,1574,0,0,cr,0,
15614,10,33:29.0,00:00.0,1179,0,1,1574,0,0,cr,0,
15615,30,35:05.3,00:00.0,1180,0,3,332,0,0,cr,0,
15616,30,35:05.3,00:00.0,1180,0,1,332,0,0,cr,0,
15617,30,36:41.4,00:00.0,1181,0,3,16,0,0,cr,0,
15618,20,36:41.4,00:00.0,1181,0,1,16,0,0,cr,0,
15619,10,38:29.3,00:00.0,2172,0,1,330,0,0,cr,0,
15622,180,41:06.0,00:00.0,2170,0,3,17,0,0,cr,0,
15623,20,41:06.0,00:00.0,2170,0,1,17,0,0,cr,0,
15624,350,42:30.5,00:00.0,2118,0,1,304,0,0,cr,0,
15625,10,43:24.3,00:00.0,2119,0,3,308,0,0,cr,0,
15626,5,43:24.3,00:00.0,2119,0,1,308,0,0,cr,0,
15627,100,44:26.8,00:00.0,2120,0,3,325,0,0,cr,0,
15628,10,44:26.8,00:00.0,2120,0,1,325,0,0,cr,0,
15629,40,45:45.4,00:00.0,2121,0,1,340,0,0,cr,0,
15630,100,46:41.5,00:00.0,2122,0,3,337,0,0,cr,0,
15631,50,47:41.7,00:00.0,2123,0,1,337,0,0,cr,0,
15632,50,50:38.1,00:00.0,2124,0,3,336,0,0,cr,0,
15633,50,50:38.1,00:00.0,2124,0,1,336,0,0,cr,0,
15634,50,51:49.4,00:00.0,2125,0,3,338,0,0,cr,0,
15635,50,51:49.4,00:00.0,2125,0,1,338,0,0,cr,0,
15636,50,53:26.2,00:00.0,2174,0,1,301,0,0,cr,0,
15637,100,18:56.2,00:00.0,2177,0,3,1572,0,0,cr,0,
15638,100,20:00.4,00:00.0,2178,0,3,316,0,0,cr,0,
15639,50,21:03.2,00:00.0,2179,0,3,1573,0,0,cr,0,
15640,50,22:03.9,00:00.0,2180,0,3,317,0,0,cr,0,
15641,50,24:02.4,00:00.0,2181,0,1,295,0,0,cr,0,
15642,20,45:17.7,00:00.0,1183,0,3,1574,0,0,cr,0,
15643,10,45:17.7,00:00.0,1183,0,1,1574,0,0,cr,0,
15644,100,46:47.9,00:00.0,1184,0,3,1572,0,0,cr,0,
15645,100,04:28.5,00:00.0,1185,0,3,316,0,0,cr,0,
15646,50,05:27.7,00:00.0,1186,0,3,1573,0,0,cr,0,
15647,50,06:25.2,00:00.0,1187,0,3,317,0,0,cr,0,
15648,50,11:50.4,00:00.0,1173,0,3,6,0,0,cr,0,
15649,50,11:50.4,00:00.0,1173,0,1,6,0,0,cr,0,
15650,50,14:30.5,00:00.0,2056,0,3,4,0,0,cr,0,
15651,50,14:30.5,00:00.0,2056,0,1,4,0,0,cr,0,
15652,50,15:46.4,00:00.0,2058,0,3,332,0,0,cr,0,
15653,20,15:46.4,00:00.0,2058,0,1,332,0,0,cr,0,
15654,30,16:57.9,00:00.0,2059,0,3,16,0,0,cr,0,
15655,20,16:57.9,00:00.0,2059,0,1,16,0,0,cr,0,
15656,20,18:09.1,00:00.0,2060,0,3,344,0,0,cr,0,
15657,20,18:09.1,00:00.0,2060,0,1,344,0,0,cr,0,
15658,20,19:14.8,00:00.0,2127,0,1,304,0,0,cr,0,
15659,20,21:10.8,00:00.0,2128,0,1,326,0,0,cr,0,
15660,20,22:01.3,00:00.0,2129,0,1,334,0,0,cr,0,
15661,20,22:51.6,00:00.0,2130,0,3,342,0,0,cr,0,
15662,20,22:51.6,00:00.0,2130,0,1,342,0,0,cr,0,
15663,50,37:29.3,00:00.0,2131,0,3,20,0,0,cr,0,
15664,20,39:12.4,00:00.0,2133,0,3,304,0,0,cr,0,
15665,20,39:12.4,00:00.0,2133,0,1,304,0,0,cr,0,
15666,20,40:24.9,00:00.0,2134,0,1,306,0,0,cr,0,
15667,20,41:13.6,00:00.0,2135,0,3,1574,0,0,cr,0,
15668,10,41:13.6,00:00.0,2135,0,1,1574,0,0,cr,0,
15669,50,37:06.2,00:00.0,2136,0,1,341,0,0,cr,0,
15670,100,38:48.6,00:00.0,2137,0,1,346,0,0,cr,0,
15671,10,41:01.0,00:00.0,2063,0,1,327,0,0,cr,0,
15672,50,42:12.0,00:00.0,2182,0,1,340,0,0,cr,0,
15673,10,43:13.4,00:00.0,2183,0,3,334,0,0,cr,0,
15674,10,43:13.4,00:00.0,2183,0,1,334,0,0,cr,0,
15675,20,45:23.0,00:00.0,2184,0,1,332,0,0,cr,0,
15676,50,46:22.7,00:00.0,2185,0,3,348,0,0,cr,0,
15677,40,46:22.7,00:00.0,2185,0,1,348,0,0,cr,0,
15678,190,21:36.5,00:00.0,2139,0,3,356,0,0,cr,0,
15679,10,23:03.2,00:00.0,2186,0,3,304,0,0,cr,0,
15680,20,23:03.2,00:00.0,2186,0,1,304,0,0,cr,0,
15681,10,24:22.0,00:00.0,2187,0,3,341,0,0,cr,0,
15682,40,24:22.0,00:00.0,2187,0,1,341,0,0,cr,0,
15683,15,37:35.9,00:00.0,2188,0,3,1574,0,0,cr,0,
15684,15,37:35.9,00:00.0,2188,0,1,1574,0,0,cr,0,
15685,10,38:52.6,00:00.0,2189,0,1,353,0,0,cr,0,
15686,20,40:37.4,00:00.0,2191,0,1,354,0,0,cr,0,
15687,100,41:44.3,00:00.0,2194,0,3,6,0,0,cr,0,
15688,20,42:44.6,00:00.0,2064,0,1,12,0,0,cr,0,
15689,20,44:02.4,00:00.0,2065,0,3,351,0,0,cr,0,
15690,80,44:02.4,00:00.0,2065,0,1,351,0,0,cr,0,
15691,10,45:35.0,00:00.0,2067,0,3,320,0,0,cr,0,
15692,10,45:35.0,00:00.0,2067,0,1,320,0,0,cr,0,
15693,10,52:44.8,00:00.0,2068,0,1,344,0,0,cr,0,
15694,10,52:44.8,00:00.0,2068,0,3,344,0,0,cr,0,
15695,50,00:07.6,00:00.0,2070,0,1,341,0,0,cr,0,
15696,10,01:55.5,00:00.0,2071,0,1,20,0,0,cr,0,
15697,10,02:44.4,00:00.0,2072,0,3,304,0,0,cr,0,
15698,20,02:44.4,00:00.0,2072,0,1,304,0,0,cr,0,
15699,20,04:00.7,00:00.0,2074,0,3,332,0,0,cr,0,
15700,30,04:00.7,00:00.0,2074,0,1,332,0,0,cr,0,
15701,50,05:11.8,00:00.0,1189,0,3,340,0,0,cr,0,
15702,50,05:11.8,00:00.0,1189,0,1,340,0,0,cr,0,
15703,10,06:23.9,00:00.0,1190,0,1,343,0,0,cr,0,
15704,40,07:46.6,00:00.0,1192,0,3,303,0,0,cr,0,
15705,20,07:46.6,00:00.0,1192,0,1,303,0,0,cr,0,
15706,5,09:18.5,00:00.0,2141,0,1,358,0,0,cr,0,
15707,50,10:24.2,00:00.0,2075,0,3,1,0,0,cr,0,
15708,50,10:24.2,00:00.0,2075,0,1,1,0,0,cr,0,
15709,10,26:26.4,00:00.0,1193,0,3,304,0,0,cr,0,
15710,20,26:26.4,00:00.0,1193,0,1,304,0,0,cr,0,
15711,20,31:26.9,00:00.0,1194,0,1,359,0,0,cr,0,
15712,20,32:18.3,00:00.0,2143,0,1,360,0,0,cr,0,
15713,20,33:24.6,00:00.0,2144,0,1,363,0,0,cr,0,
15714,20,34:12.1,00:00.0,2145,0,3,332,0,0,cr,0,
15715,30,34:12.1,00:00.0,2145,0,1,332,0,0,cr,0,
15716,20,35:15.3,00:00.0,2146,0,3,1574,0,0,cr,0,
15717,40,35:15.3,00:00.0,2146,0,1,1574,0,0,cr,0,
15718,50,51:04.7,00:00.0,2076,0,1,341,0,0,cr,0,
15719,50,52:12.0,00:00.0,2077,0,1,341,0,0,cr,0,
15720,20,53:08.1,00:00.0,2078,0,3,1574,0,0,cr,0,
15721,10,53:08.1,00:00.0,2078,0,1,1574,0,0,cr,0,
15722,200,54:12.6,00:00.0,2079,0,1,1572,0,0,cr,0,
15723,100,55:04.9,00:00.0,2080,0,1,316,0,0,cr,0,
15724,50,56:15.8,00:00.0,2081,0,1,317,0,0,cr,0,
15725,50,56:51.4,00:00.0,2082,0,1,1573,0,0,cr,0,
15726,300,58:11.0,00:00.0,2083,0,3,362,0,0,cr,0,
15727,10,58:11.0,00:00.0,2083,0,1,362,0,0,cr,0,
15728,20,02:10.7,00:00.0,2147,0,1,354,0,0,cr,0,
15729,75,03:10.0,00:00.0,2148,0,3,361,0,0,cr,0,
15730,50,03:10.0,00:00.0,2148,0,1,361,0,0,cr,0,
15731,20,04:16.3,00:00.0,2149,0,1,332,0,0,cr,0,
15732,100,05:10.1,00:00.0,2150,0,3,322,0,0,cr,0,
15733,10,08:02.3,00:00.0,1195,0,3,304,0,0,cr,0,
15734,20,08:02.3,00:00.0,1195,0,1,304,0,0,cr,0,
15735,10,12:59.2,00:00.0,1196,0,3,1574,0,0,cr,0,
15736,20,12:59.2,00:00.0,1196,0,1,1574,0,0,cr,0,
15737,10,15:07.0,00:00.0,1197,0,3,313,0,0,cr,0,
15738,10,15:07.0,00:00.0,1197,0,1,313,0,0,cr,0,
15739,20,16:40.9,00:00.0,1198,0,1,337,0,0,cr,0,
15740,10,19:35.1,00:00.0,2084,0,3,364,0,0,cr,0,
15741,80,19:35.1,00:00.0,2084,0,1,364,0,0,cr,0,
15742,50,21:56.2,00:00.0,2085,0,1,306,0,0,cr,0,
15743,20,23:02.6,00:00.0,2087,0,1,343,0,0,cr,0,
15744,30,24:38.0,00:00.0,2088,0,3,327,0,0,cr,0,
15745,20,24:38.0,00:00.0,2088,0,1,327,0,0,cr,0,
15746,10,26:09.2,00:00.0,2089,0,1,353,0,0,cr,0,
15747,20,27:06.0,00:00.0,2091,0,1,367,0,0,cr,0,
15748,20,28:05.3,00:00.0,2092,0,1,332,0,0,cr,0,
15749,20,35:52.1,00:00.0,2094,0,1,368,0,0,cr,0,
15750,20,36:52.5,00:00.0,2095,0,3,351,0,0,cr,0,
15751,40,36:52.5,00:00.0,2095,0,1,351,0,0,cr,0,
15752,10,38:26.1,00:00.0,2097,0,1,370,0,0,cr,0,
15753,20,42:26.4,00:00.0,2098,0,3,332,0,0,cr,0,
15754,30,42:26.4,00:00.0,2098,0,1,332,0,0,cr,0,
15755,70,48:02.9,00:00.0,2099,0,3,340,0,0,cr,0,
15756,10,50:07.7,00:00.0,1199,0,3,363,0,0,cr,0,
15757,20,50:07.7,00:00.0,1199,0,1,363,0,0,cr,0,
15758,20,52:49.9,00:00.0,2100,0,1,370,0,0,cr,0,
15759,50,54:41.2,00:00.0,2196,0,3,6,0,0,cr,0,
15760,50,54:41.2,00:00.0,2196,0,1,6,0,0,cr,0,
15761,40,59:16.9,00:00.0,2199,0,1,2,0,0,cr,0,
15762,50,02:41.3,00:00.0,2199,0,3,2,0,0,cr,0,
15763,40,04:46.3,00:00.0,2197,0,3,329,0,0,cr,0,
15764,50,16:03.0,00:00.0,1101,0,1,341,0,0,cr,0,
15765,10,17:25.6,00:00.0,1102,0,3,304,0,0,cr,0,
15766,20,17:25.6,00:00.0,1102,0,1,304,0,0,cr,0,
15767,100,18:42.8,00:00.0,1103,0,1,373,0,0,cr,0,
15768,500,19:32.5,00:00.0,1104,0,3,371,0,0,cr,0,
15769,200,19:32.5,00:00.0,1104,0,1,371,0,0,cr,0,
15770,20,53:22.8,00:00.0,1105,0,3,325,0,0,cr,0,
15771,50,53:22.8,00:00.0,1105,0,1,325,0,0,cr,0,
15772,20,55:54.1,00:00.0,1106,0,3,1574,0,0,cr,0,
15773,40,55:54.1,00:00.0,1106,0,1,1574,0,0,cr,0,
15774,50,57:28.0,00:00.0,1107,0,3,323,0,0,cr,0,
15775,50,57:28.0,00:00.0,1107,0,1,323,0,0,cr,0,
15776,40,01:11.0,00:00.0,951,0,1,374,0,0,cr,0,
15777,425,03:40.9,00:00.0,952,0,3,361,0,0,cr,0,
15778,75,03:40.9,00:00.0,952,0,1,361,0,0,cr,0,
15779,100,04:57.5,00:00.0,953,0,1,361,0,0,cr,0,
15780,20,06:43.0,00:00.0,954,0,1,364,0,0,cr,0,
15781,30,08:07.8,00:00.0,955,0,1,332,0,0,cr,0,
15782,30,09:18.2,00:00.0,2200,0,1,372,0,0,cr,0,
15783,200,10:24.8,00:00.0,1108,0,3,7,0,0,cr,0,
15784,190,10:24.8,00:00.0,1108,0,1,7,0,0,cr,0,
15785,5,22:31.7,00:00.0,956,0,1,310,0,0,cr,0,
15786,20,24:20.1,00:00.0,957,0,3,341,0,0,cr,0,
15787,30,24:20.1,00:00.0,957,0,1,341,0,0,cr,0,
15788,20,25:50.8,00:00.0,958,0,3,304,0,0,cr,0,
15789,40,25:50.8,00:00.0,958,0,1,304,0,0,cr,0,
15790,20,27:05.1,00:00.0,959,0,3,295,0,0,cr,0,
15791,40,27:05.1,00:00.0,959,0,1,295,0,0,cr,0,
15792,100,28:14.0,00:00.0,960,0,3,299,0,0,cr,0,
15793,20,29:20.2,00:00.0,961,0,3,17,0,0,cr,0,
15794,20,29:20.2,00:00.0,961,0,1,17,0,0,cr,0,
15795,100,30:26.3,00:00.0,962,0,1,1576,0,0,cr,0,
15796,100,58:55.3,00:00.0,963,0,3,18,0,0,cr,0,
15797,30,59:57.0,00:00.0,964,0,1,332,0,0,cr,0,
15798,160,00:58.4,00:00.0,1109,0,1,372,0,0,cr,0,
15799,30,02:17.9,00:00.0,1110,0,1,371,0,0,cr,0,
15800,50,03:13.4,00:00.0,1111,0,1,377,0,0,cr,0,
15801,100,04:11.0,00:00.0,1112,0,3,375,0,0,cr,0,
15802,50,04:11.0,00:00.0,1112,0,1,375,0,0,cr,0,
15803,20,05:27.4,00:00.0,1113,0,1,376,0,0,cr,0,
15804,30,06:19.0,00:00.0,965,0,3,329,0,0,cr,0,
15805,40,24:33.6,00:00.0,1114,0,3,1574,0,0,cr,0,
15806,20,24:33.6,00:00.0,1114,0,1,1574,0,0,cr,0,
15807,20,26:21.9,00:00.0,966,0,1,343,0,0,cr,0,
15808,50,27:20.7,00:00.0,967,0,1,341,0,0,cr,0,
15809,15,30:06.9,00:00.0,968,0,1,371,0,0,cr,0,
15810,20,31:32.8,00:00.0,969,0,1,376,0,0,cr,0,
15811,350,32:35.2,00:00.0,970,0,1,372,0,0,cr,0,
15812,75,33:55.1,00:00.0,971,0,3,378,0,0,cr,0,
15813,315,33:55.1,00:00.0,971,0,1,378,0,0,cr,0,
15814,40,36:00.6,00:00.0,973,0,3,358,0,0,cr,0,
15815,60,36:00.6,00:00.0,973,0,1,358,0,0,cr,0,
15816,10,37:39.8,00:00.0,977,0,1,402,0,0,cr,0,
15817,20,38:33.2,00:00.0,978,0,1,380,0,0,cr,0,
15818,10,39:22.1,00:00.0,979,0,1,401,0,0,cr,0,
15819,200,40:05.9,00:00.0,1115,0,3,381,0,0,cr,0,
15820,500,40:05.9,00:00.0,1115,0,1,381,0,0,cr,0,
16678,40,36:31.9,00:00.0,980,0,1,400,0,0,cr,0,
16679,20,38:05.9,00:00.0,1117,0,1,376,0,0,cr,0,
16680,10,39:10.3,00:00.0,1118,0,3,1574,0,0,cr,0,
16681,20,39:10.3,00:00.0,1118,0,1,1574,0,0,cr,0,
16682,30,40:00.8,00:00.0,1119,0,1,371,0,0,cr,0,
16683,50,41:22.8,00:00.0,1120,0,1,301,0,0,cr,0,
16684,130,42:08.9,00:00.0,1121,0,1,372,0,0,cr,0,
16685,10,43:04.2,00:00.0,1122,0,3,332,0,0,cr,0,
16686,40,43:04.2,00:00.0,1122,0,1,332,0,0,cr,0,
16687,10,44:54.0,00:00.0,1124,0,3,304,0,0,cr,0,
16688,20,44:54.0,00:00.0,1124,0,1,304,0,0,cr,0,
16689,10,46:09.7,00:00.0,1125,0,3,371,0,0,cr,0,
16690,20,46:09.7,00:00.0,1125,0,1,371,0,0,cr,0,
16691,100,47:20.1,00:00.0,1126,0,3,375,0,0,cr,0,
16692,50,47:20.1,00:00.0,1126,0,1,375,0,0,cr,0,
16693,20,48:25.5,00:00.0,1127,0,1,376,0,0,cr,0,
16694,300,49:13.2,00:00.0,1129,0,1,372,0,0,cr,0,
16695,100,50:45.9,00:00.0,981,0,3,375,0,0,cr,0,
16696,50,50:45.9,00:00.0,981,0,1,375,0,0,cr,0,
16697,20,53:45.5,00:00.0,751,0,1,343,0,0,cr,0,
16698,30,55:00.6,00:00.0,752,0,1,371,0,0,cr,0,
16699,40,56:03.1,00:00.0,753,0,1,332,0,0,cr,0,
16700,40,57:02.8,00:00.0,1130,0,3,1574,0,0,cr,0,
16701,20,57:02.8,00:00.0,1130,0,1,1574,0,0,cr,0,
16702,90,58:20.2,00:00.0,1131,0,3,397,0,0,cr,0,
16703,100,58:20.2,00:00.0,1131,0,1,397,0,0,cr,0,
16704,500,08:23.9,00:00.0,754,0,3,398,0,0,cr,0,
16705,100,09:49.2,00:00.0,759,0,3,301,0,0,cr,0,
16706,10,11:12.1,00:00.0,983,0,3,343,0,0,cr,0,
16707,20,11:12.1,00:00.0,983,0,1,343,0,0,cr,0,
16708,15,13:00.9,00:00.0,984,0,1,371,0,0,cr,0,
16709,30,14:20.5,00:00.0,985,0,1,393,0,0,cr,0,
16710,80,15:20.2,00:00.0,1135,0,1,398,0,0,cr,0,
16711,50,16:09.7,00:00.0,1133,0,1,332,0,0,cr,0,
16712,20,17:02.8,00:00.0,1134,0,3,304,0,0,cr,0,
16713,40,17:02.8,00:00.0,1134,0,1,304,0,0,cr,0,
16714,100,22:29.4,00:00.0,1135,0,1,392,0,0,cr,0,
16715,100,23:04.7,00:00.0,1136,0,1,391,0,0,cr,0,
16716,20,24:12.9,00:00.0,1137,0,3,329,0,0,cr,0,
16717,20,29:33.3,00:00.0,986,0,3,306,0,0,cr,0,
16718,50,29:33.3,00:00.0,986,0,1,306,0,0,cr,0,
16719,23,35:17.3,00:00.0,987,0,1,402,0,0,cr,0,
16720,50,40:51.6,00:00.0,988,0,1,367,0,0,cr,0,
16721,150,42:11.5,00:00.0,988,0,3,367,0,0,cr,0,
16722,50,47:43.2,00:00.0,989,0,1,1573,0,0,cr,0,
16723,50,49:46.8,00:00.0,990,0,1,317,0,0,cr,0,
16724,200,54:17.5,00:00.0,991,0,1,1572,0,0,cr,0,
16725,100,55:12.1,00:00.0,992,0,1,316,0,0,cr,0,
16726,50,56:09.3,00:00.0,993,0,1,336,0,0,cr,0,
16727,50,56:52.5,00:00.0,994,0,1,338,0,0,cr,0,
16728,30,58:10.8,00:00.0,996,0,3,329,0,0,cr,0,
16729,50,58:50.9,00:00.0,1140,0,1,332,0,0,cr,0,
16730,30,59:52.0,00:00.0,1142,0,1,390,0,0,cr,0,
16731,20,00:44.9,00:00.0,1143,0,1,376,0,0,cr,0,
16732,100,02:23.7,00:00.0,1144,0,1,361,0,0,cr,0,
16734,20,03:11.3,00:00.0,1145,0,1,398,0,0,cr,0,
16735,100,04:33.0,00:00.0,1146,0,3,375,0,0,cr,0,
16736,50,04:33.0,00:00.0,1146,0,1,375,0,0,cr,0,
16737,20,05:49.0,00:00.0,1147,0,3,1574,0,0,cr,0,
16738,40,05:49.0,00:00.0,1147,0,1,1574,0,0,cr,0,
16739,30,06:41.6,00:00.0,1148,0,1,393,0,0,cr,0,
16740,30,07:32.8,00:00.0,1149,0,1,371,0,0,cr,0,
16741,10,08:15.3,00:00.0,1150,0,3,304,0,0,cr,0,
16742,20,08:15.3,00:00.0,1150,0,1,304,0,0,cr,0,
16743,10,09:18.9,00:00.0,997,0,1,307,0,0,cr,0,
16744,10,10:18.2,00:00.0,998,0,1,318,0,0,cr,0,
16745,50,45:41.5,00:00.0,760,0,1,341,0,0,cr,0,
16746,50,46:30.8,00:00.0,761,0,1,398,0,0,cr,0,
16747,30,47:20.5,00:00.0,762,0,1,393,0,0,cr,0,
16748,30,50:08.3,00:00.0,763,0,1,390,0,0,cr,0,
16749,150,51:24.1,00:00.0,764,0,1,375,0,0,cr,0,
16750,10,52:17.7,00:00.0,765,0,3,304,0,0,cr,0,
16751,20,52:17.7,00:00.0,765,0,1,304,0,0,cr,0,
16752,290,53:23.7,00:00.0,766,0,1,389,0,0,cr,0,
16753,20,54:15.3,00:00.0,767,0,1,17,0,0,cr,0,
16754,50,55:05.2,00:00.0,768,0,1,380,0,0,cr,0,
16755,50,58:59.9,00:00.0,758,0,1,332,0,0,cr,0,
16756,30,09:21.6,00:00.0,770,0,1,390,0,0,cr,0,
16757,25,18:54.6,00:00.0,771,0,1,371,0,0,cr,0,
16758,30,22:41.5,00:00.0,772,0,1,304,0,0,cr,0,
16759,250,30:38.7,00:00.0,773,0,1,375,0,0,cr,0,
16760,30,32:17.2,00:00.0,774,0,1,393,0,0,cr,0,
16761,20,33:05.9,00:00.0,775,0,1,1574,0,0,cr,0,
16762,40,33:05.9,00:00.0,775,0,3,1574,0,0,cr,0,
16763,100,34:44.0,00:00.0,776,0,1,392,0,0,cr,0,
16764,100,35:28.2,00:00.0,777,0,1,391,0,0,cr,0,
16765,500,36:29.0,00:00.0,901,0,3,388,0,0,cr,0,
16766,40,36:29.0,00:00.0,901,0,1,388,0,0,cr,0,
16767,20,37:40.8,00:00.0,778,0,1,401,0,0,cr,0,
16768,20,38:15.8,00:00.0,779,0,1,402,0,0,cr,0,
16769,100,38:56.6,00:00.0,999,0,3,375,0,0,cr,0,
16770,50,39:49.6,00:00.0,982,0,1,327,0,0,cr,0,
16771,10,41:38.1,00:00.0,755,0,1,395,0,0,cr,0,
16772,10,43:15.4,00:00.0,757,0,1,344,0,0,cr,0,
16773,50,46:53.7,00:00.0,902,0,1,341,0,0,cr,0,
16774,40,52:58.9,00:00.0,903,0,1,390,0,0,cr,0,
16775,30,58:58.6,00:00.0,904,0,1,393,0,0,cr,0,
16776,10,00:05.2,00:00.0,905,0,1,1574,0,0,cr,0,
16777,20,00:57.5,00:00.0,780,0,3,343,0,0,cr,0,
16778,20,00:57.5,00:00.0,780,0,1,343,0,0,cr,0,
16779,20,02:09.0,00:00.0,905,0,3,1574,0,0,cr,0,
16780,25,02:55.0,00:00.0,781,0,1,371,0,0,cr,0,
16781,100,03:42.5,00:00.0,782,0,3,367,0,0,cr,0,
16782,100,03:42.5,00:00.0,782,0,1,367,0,0,cr,0,
16783,100,04:49.5,00:00.0,784,0,3,370,0,0,cr,0,
16784,50,04:49.5,00:00.0,784,0,1,370,0,0,cr,0,
16785,20,53:05.4,00:00.0,785,0,3,341,0,0,cr,0,
16786,30,53:05.4,00:00.0,785,0,1,341,0,0,cr,0,
16787,50,03:46.0,00:00.0,786,0,1,398,0,0,cr,0,
16788,20,07:57.5,00:00.0,787,0,3,1574,0,0,cr,0,
16789,10,07:57.5,00:00.0,787,0,1,1574,0,0,cr,0,
16790,30,09:10.7,00:00.0,788,0,3,343,0,0,cr,0,
16791,20,09:10.7,00:00.0,788,0,1,343,0,0,cr,0,
16792,20,10:14.6,00:00.0,789,0,1,370,0,0,cr,0,
16793,30,11:17.0,00:00.0,790,0,3,301,0,0,cr,0,
16794,20,11:17.0,00:00.0,790,0,1,301,0,0,cr,0,
16795,25,12:44.1,00:00.0,791,0,1,371,0,0,cr,0,
16796,10,34:34.6,00:00.0,792,0,3,304,0,0,cr,0,
16797,20,34:34.6,00:00.0,792,0,1,304,0,0,cr,0,
16798,50,36:12.6,00:00.0,793,0,1,332,0,0,cr,0,
16799,50,38:01.8,00:00.0,794,0,1,391,0,0,cr,0,
16800,50,38:46.2,00:00.0,795,0,1,392,0,0,cr,0,
16801,50,40:02.4,00:00.0,796,0,1,386,0,0,cr,0,
16802,50,41:04.2,00:00.0,796,0,3,386,0,0,cr,0,
16803,50,41:49.8,00:00.0,797,0,3,323,0,0,cr,0,
16804,50,41:49.8,00:00.0,797,0,1,323,0,0,cr,0,
16805,50,43:21.0,00:00.0,798,0,1,380,0,0,cr,0,
16806,20,44:09.0,00:00.0,799,0,1,401,0,0,cr,0,
16807,20,54:45.3,00:00.0,800,0,1,402,0,0,cr,0,
16808,400,55:42.2,00:00.0,900,0,1,381,0,0,cr,0,
16809,100,00:14.2,00:00.0,907,0,1,375,0,0,cr,0,
16810,100,00:14.2,00:00.0,918,0,1,375,0,0,cr,0,
16811,30,01:57.6,00:00.0,908,0,1,374,0,0,cr,0,
16812,50,02:40.5,00:00.0,909,0,1,398,0,0,cr,0,
16813,50,04:32.3,00:00.0,910,0,1,341,0,0,cr,0,
16814,10,05:39.6,00:00.0,911,0,3,1574,0,0,cr,0,
16815,20,05:39.6,00:00.0,911,0,1,1574,0,0,cr,0,
16816,20,03:21.7,00:00.0,912,0,3,306,0,0,cr,0,
16817,15,04:35.6,00:00.0,913,0,1,371,0,0,cr,0,
16818,100,05:55.5,00:00.0,914,0,1,365,0,0,cr,0,
16819,20,09:23.6,00:00.0,915,0,1,387,0,0,cr,0,
16820,20,10:31.7,00:00.0,916,0,1,385,0,0,cr,0,
16821,20,11:25.2,00:00.0,917,0,3,343,0,0,cr,0,
16822,20,11:25.2,00:00.0,917,0,1,343,0,0,cr,0,
16823,10,14:25.3,00:00.0,919,0,3,304,0,0,cr,0,
16824,20,14:25.3,00:00.0,919,0,1,304,0,0,cr,0,
16826,20,59:15.7,00:00.0,920,0,1,386,0,0,cr,0,
16827,50,00:20.1,00:00.0,921,0,1,332,0,0,cr,0,
16828,30,01:04.0,00:00.0,922,0,1,300,0,0,cr,0,
16829,20,01:50.7,00:00.0,923,0,3,329,0,0,cr,0,
16830,20,04:15.4,00:00.0,924,0,1,371,0,0,cr,0,
16831,50,05:16.2,00:00.0,926,0,1,389,0,0,cr,0,
16832,1300,06:03.6,00:00.0,927,0,1,381,0,0,cr,0,
16833,40,06:47.8,00:00.0,928,0,1,332,0,0,cr,0,
16834,50,07:36.7,00:00.0,801,0,1,341,0,0,cr,0,
16835,20,08:23.5,00:00.0,802,0,1,385,0,0,cr,0,
16836,60,09:31.3,00:00.0,803,0,1,384,0,0,cr,0,
16837,10,10:31.4,00:00.0,804,0,3,343,0,0,cr,0,
16838,20,10:31.4,00:00.0,804,0,1,343,0,0,cr,0,
16839,10,11:48.3,00:00.0,805,0,1,383,0,0,cr,0,
16840,10,22:22.5,00:00.0,929,0,3,343,0,0,cr,0,
16841,30,22:22.5,00:00.0,929,0,1,343,0,0,cr,0,
16842,50,24:09.3,00:00.0,930,0,1,341,0,0,cr,0,
16843,20,25:04.5,00:00.0,931,0,1,371,0,0,cr,0,
16844,20,25:58.0,00:00.0,932,0,3,1574,0,0,cr,0,
16845,40,25:58.0,00:00.0,932,0,1,1574,0,0,cr,0,
16846,20,27:17.0,00:00.0,933,0,1,17,0,0,cr,0,
16847,30,28:11.0,00:00.0,935,0,1,332,0,0,cr,0,
16848,50,29:24.0,00:00.0,936,0,3,317,0,0,cr,0,
16849,50,29:24.0,00:00.0,936,0,1,317,0,0,cr,0,
16850,50,31:35.1,00:00.0,937,0,3,1573,0,0,cr,0,
16851,50,31:35.1,00:00.0,937,0,1,1573,0,0,cr,0,
16852,100,33:38.3,00:00.0,938,0,3,316,0,0,cr,0,
16853,100,33:38.3,00:00.0,938,0,1,316,0,0,cr,0,
16854,40,35:12.6,00:00.0,806,0,1,385,0,0,cr,0,
16855,10,37:02.8,00:00.0,807,0,3,304,0,0,cr,0,
16856,20,37:02.8,00:00.0,807,0,1,304,0,0,cr,0,
16857,200,38:16.9,00:00.0,808,0,3,1572,0,0,cr,0,
16858,200,38:16.9,00:00.0,808,0,1,1572,0,0,cr,0,
16859,50,39:17.7,00:00.0,809,0,1,322,0,0,cr,0,
16860,20,43:13.7,00:00.0,810,0,1,377,0,0,cr,0,
16861,20,20:28.4,00:00.0,811,0,3,403,0,0,cr,0,
16862,80,20:28.4,00:00.0,811,0,1,403,0,0,cr,0,
16863,10,22:02.7,00:00.0,812,0,1,371,0,0,cr,0,
16864,50,22:42.7,00:00.0,813,0,1,322,0,0,cr,0,
16865,100,23:34.5,00:00.0,814,0,1,398,0,0,cr,0,
16866,10,24:24.9,00:00.0,815,0,3,343,0,0,cr,0,
16867,20,24:24.9,00:00.0,815,0,1,343,0,0,cr,0,
16868,10,25:23.2,00:00.0,816,0,1,406,0,0,cr,0,
16869,20,26:08.3,00:00.0,817,0,3,17,0,0,cr,0,
16870,20,26:08.3,00:00.0,817,0,1,17,0,0,cr,0,
16871,100,27:32.5,00:00.0,818,0,3,333,0,0,cr,0,
16872,20,28:24.5,00:00.0,819,0,3,344,0,0,cr,0,
16873,30,28:24.5,00:00.0,819,0,1,344,0,0,cr,0,
16874,200,29:42.2,00:00.0,820,0,3,294,0,0,cr,0,
16875,250,29:42.2,00:00.0,820,0,1,294,0,0,cr,0,
16876,20,31:05.7,00:00.0,939,0,1,306,0,0,cr,0,
16877,30,31:55.5,00:00.0,940,0,1,20,0,0,cr,0,
16878,50,33:09.0,00:00.0,941,0,1,390,0,0,cr,0,
16879,10,34:21.4,00:00.0,942,0,3,304,0,0,cr,0,
16880,20,34:21.4,00:00.0,942,0,1,304,0,0,cr,0,
16881,20,35:29.4,00:00.0,943,0,1,385,0,0,cr,0,
16882,20,36:33.1,00:00.0,944,0,3,332,0,0,cr,0,
16883,40,36:33.1,00:00.0,944,0,1,332,0,0,cr,0,
16884,10,37:32.8,00:00.0,945,0,3,404,0,0,cr,0,
16885,30,37:32.8,00:00.0,945,0,1,404,0,0,cr,0,
16886,70,38:29.2,00:00.0,946,0,1,392,0,0,cr,0,
16887,40,39:14.2,00:00.0,948,0,1,19,0,0,cr,0,
16888,20,40:00.6,00:00.0,821,0,1,386,0,0,cr,0,
16889,20,40:55.5,00:00.0,822,0,1,407,0,0,cr,0,
16890,70,41:33.4,00:00.0,947,0,1,391,0,0,cr,0,
16891,5,34:59.3,00:00.0,949,0,1,408,0,0,cr,0,
16892,20,36:14.8,00:00.0,708,0,1,413,0,0,cr,0,
16893,100,37:32.7,00:00.0,710,0,1,424,0,0,cr,0,
16894,30,38:46.9,00:00.0,701,0,1,371,0,0,cr,0,
16895,10,39:57.6,00:00.0,702,0,1,304,0,0,cr,0,
16896,400,40:42.7,00:00.0,703,0,3,300,0,0,cr,0,
16897,100,40:42.7,00:00.0,703,0,1,300,0,0,cr,0,
16898,20,41:59.5,00:00.0,704,0,3,409,0,0,cr,0,
16899,40,41:59.5,00:00.0,704,0,1,409,0,0,cr,0,
16900,10,43:04.1,00:00.0,705,0,1,409,0,0,cr,0,
16901,10,43:47.3,00:00.0,706,0,3,304,0,0,cr,0,
16902,10,43:47.3,00:00.0,706,0,1,304,0,0,cr,0,
16903,20,44:57.6,00:00.0,823,0,1,385,0,0,cr,0,
16904,200,45:58.4,00:00.0,824,0,1,354,0,0,cr,0,
16905,20,46:56.7,00:00.0,825,0,3,332,0,0,cr,0,
16906,50,46:56.7,00:00.0,825,0,1,332,0,0,cr,0,
16907,30,48:05.8,00:00.0,826,0,3,301,0,0,cr,0,
16908,20,48:05.8,00:00.0,826,0,1,301,0,0,cr,0,
16909,50,49:26.9,00:00.0,829,0,1,322,0,0,cr,0,
16910,60,50:24.9,00:00.0,830,0,3,17,0,0,cr,0,
16911,40,50:24.9,00:00.0,830,0,1,17,0,0,cr,0,
16912,20,51:32.7,00:00.0,831,0,1,358,0,0,cr,0,
16913,50,52:41.6,00:00.0,832,0,3,386,0,0,cr,0,
16914,20,52:41.6,00:00.0,832,0,1,386,0,0,cr,0,
16915,70,53:40.2,00:00.0,833,0,1,295,0,0,cr,0,
16916,680,54:25.1,00:00.0,834,0,1,299,0,0,cr,0,
16917,10,55:24.8,00:00.0,835,0,1,406,0,0,cr,0,
16918,10,56:08.0,00:00.0,836,0,1,408,0,0,cr,0,
16919,10,57:11.7,00:00.0,713,0,1,421,0,0,cr,0,
16920,20,58:19.1,00:00.0,837,0,3,1574,0,0,cr,0,
16921,60,58:19.1,00:00.0,837,0,1,1574,0,0,cr,0,
16922,10,59:22.0,00:00.0,838,0,1,371,0,0,cr,0,
16923,20,00:17.1,00:00.0,839,0,3,409,0,0,cr,0,
16924,50,00:17.1,00:00.0,839,0,1,409,0,0,cr,0,
16925,20,01:26.4,00:00.0,840,0,3,304,0,0,cr,0,
16926,20,01:26.4,00:00.0,840,0,1,304,0,0,cr,0,
16927,20,02:20.1,00:00.0,841,0,1,385,0,0,cr,0,
16928,150,03:04.5,00:00.0,842,0,1,398,0,0,cr,0,
16929,50,03:55.5,00:00.0,843,0,1,322,0,0,cr,0,
16930,20,04:46.5,00:00.0,844,0,1,306,0,0,cr,0,
16931,20,05:37.0,00:00.0,845,0,1,358,0,0,cr,0,
16932,500,06:49.9,00:00.0,714,0,3,420,0,0,cr,0,
16933,500,06:49.9,00:00.0,714,0,1,420,0,0,cr,0,
16934,50,07:52.6,00:00.0,715,0,3,17,0,0,cr,0,
16935,50,07:52.6,00:00.0,715,0,1,17,0,0,cr,0,
16936,10,09:04.9,00:00.0,716,0,1,406,0,0,cr,0,
16937,10,09:59.7,00:00.0,846,0,1,8,0,0,cr,0,
16938,10,12:11.4,00:00.0,756,0,1,344,0,0,cr,0,
16939,50,13:50.3,00:00.0,757,0,3,394,0,0,cr,0,
16940,90,13:50.3,00:00.0,757,0,1,394,0,0,cr,0,
16941,10,15:53.0,00:00.0,717,0,1,417,0,0,cr,0,
16942,10,16:53.8,00:00.0,720,0,1,419,0,0,cr,0,
16943,200,18:02.8,00:00.0,847,0,1,375,0,0,cr,0,
16944,30,24:31.0,00:00.0,721,0,3,304,0,0,cr,0,
16945,20,26:09.2,00:00.0,722,0,1,422,0,0,cr,0,
16946,20,27:17.5,00:00.0,723,0,1,304,0,0,cr,0,
16947,30,28:19.9,00:00.0,724,0,3,411,0,0,cr,0,
16948,20,28:19.9,00:00.0,724,0,1,411,0,0,cr,0,
16949,40,29:19.6,00:00.0,725,0,1,398,0,0,cr,0,
16950,50,30:00.8,00:00.0,726,0,1,322,0,0,cr,0,
16951,30,30:48.0,00:00.0,727,0,3,332,0,0,cr,0,
16952,50,30:48.0,00:00.0,727,0,1,332,0,0,cr,0,
16953,20,31:46.0,00:00.0,728,0,1,389,0,0,cr,0,
16954,20,32:35.9,00:00.0,848,0,3,343,0,0,cr,0,
16955,20,32:35.9,00:00.0,848,0,1,343,0,0,cr,0,
16956,15,33:33.7,00:00.0,849,0,1,371,0,0,cr,0,
16957,20,34:16.0,00:00.0,850,0,1,385,0,0,cr,0,
16958,10,35:08.5,00:00.0,850,0,1,408,0,0,cr,0,
16959,10,36:05.2,00:00.0,730,0,1,306,0,0,cr,0,
16960,10,36:53.3,00:00.0,730,0,3,306,0,0,cr,0,
16961,40,37:36.1,00:00.0,731,0,3,20,0,0,cr,0,
16962,100,38:30.5,00:00.0,732,0,1,14,0,0,cr,0,
16963,10,39:14.7,00:00.0,733,0,1,416,0,0,cr,0,
16964,10,39:53.1,00:00.0,734,0,1,415,0,0,cr,0,
16965,10,58:12.2,00:00.0,735,0,3,343,0,0,cr,0,
16966,20,58:12.2,00:00.0,735,0,1,343,0,0,cr,0,
16967,50,39:35.4,00:00.0,736,0,3,412,0,0,cr,0,
16968,100,39:35.4,00:00.0,736,0,1,412,0,0,cr,0,
16969,100,41:28.3,00:00.0,737,0,1,375,0,0,cr,0,
16970,20,42:21.5,00:00.0,738,0,1,385,0,0,cr,0,
16971,10,43:15.1,00:00.0,739,0,3,1574,0,0,cr,0,
16972,50,43:15.1,00:00.0,739,0,1,1574,0,0,cr,0,
16973,40,44:23.8,00:00.0,740,0,3,304,0,0,cr,0,
16974,20,44:23.8,00:00.0,740,0,1,304,0,0,cr,0,
16975,50,45:25.6,00:00.0,741,0,1,406,0,0,cr,0,
16976,20,46:13.8,00:00.0,742,0,1,371,0,0,cr,0,
16977,20,46:56.2,00:00.0,743,0,3,409,0,0,cr,0,
16978,50,46:56.2,00:00.0,743,0,1,409,0,0,cr,0,
16979,20,48:02.9,00:00.0,744,0,1,306,0,0,cr,0,
16980,200,48:52.8,00:00.0,745,0,1,384,0,0,cr,0,
16981,20,49:42.1,00:00.0,746,0,3,332,0,0,cr,0,
16982,50,49:42.1,00:00.0,746,0,1,332,0,0,cr,0,
16983,100,50:46.2,00:00.0,747,0,3,294,0,0,cr,0,
16984,100,50:46.2,00:00.0,747,0,1,294,0,0,cr,0,
16985,10,52:00.3,00:00.0,748,0,1,425,0,0,cr,0,
16986,80,52:49.3,00:00.0,749,0,1,391,0,0,cr,0,
16987,80,53:42.1,00:00.0,750,0,1,392,0,0,cr,0,
16988,100,54:34.9,00:00.0,852,0,1,403,0,0,cr,0,
16989,190,55:36.8,00:00.0,853,0,1,426,0,0,cr,0,
16990,190,56:31.0,00:00.0,854,0,1,427,0,0,cr,0,
16991,60,57:25.9,00:00.0,855,0,1,398,0,0,cr,0,
16992,50,58:20.6,00:00.0,856,0,1,322,0,0,cr,0,
16993,20,59:11.6,00:00.0,859,0,3,329,0,0,cr,0,
16994,50,09:30.2,00:00.0,860,0,1,322,0,0,cr,0,
16995,30,12:02.3,00:00.0,1051,0,3,304,0,0,cr,0,
16996,20,12:02.3,00:00.0,1051,0,1,304,0,0,cr,0,
16997,20,13:38.2,00:00.0,1052,0,1,20,0,0,cr,0,
16998,20,16:02.9,00:00.0,1053,0,1,385,0,0,cr,0,
16999,50,17:49.7,00:00.0,1054,0,1,392,0,0,cr,0,
17000,50,19:33.0,00:00.0,1055,0,1,391,0,0,cr,0,
17001,20,20:29.4,00:00.0,1056,0,1,428,0,0,cr,0,
17002,50,01:24.6,00:00.0,1057,0,1,426,0,0,cr,0,
17003,20,03:14.3,00:00.0,1058,0,3,340,0,0,cr,0,
17004,10,04:17.3,00:00.0,861,0,3,422,0,0,cr,0,
17005,20,04:17.3,00:00.0,861,0,1,422,0,0,cr,0,
17006,50,06:02.4,00:00.0,862,0,1,409,0,0,cr,0,
17007,20,06:57.6,00:00.0,863,0,1,370,0,0,cr,0,
17008,50,07:55.4,00:00.0,864,0,1,19,0,0,cr,0,
17009,20,11:20.8,00:00.0,865,0,1,408,0,0,cr,0,
17010,30,12:20.4,00:00.0,866,0,1,389,0,0,cr,0,
17011,20,13:10.9,00:00.0,867,0,1,17,0,0,cr,0,
17012,20,13:54.4,00:00.0,1059,0,1,415,0,0,cr,0,
17013,20,14:33.1,00:00.0,1060,0,1,416,0,0,cr,0,
17014,100,15:10.2,00:00.0,1061,0,1,14,0,0,cr,0,
17015,100,16:10.2,00:00.0,W001,0,1,375,0,0,dr,0,
17016,10,39:32.9,00:00.0,1062,0,3,422,0,0,cr,0,
17017,20,39:32.9,00:00.0,1062,0,1,422,0,0,cr,0,
17018,10,40:42.1,00:00.0,1063,0,1,421,0,0,cr,0,
17019,60,41:28.2,00:00.0,1064,0,1,1574,0,0,cr,0,
17020,20,42:11.7,00:00.0,1065,0,1,371,0,0,cr,0,
17021,50,46:46.7,00:00.0,1066,0,1,390,0,0,cr,0,
17022,30,47:33.4,00:00.0,1067,0,3,304,0,0,cr,0,
17023,20,47:33.4,00:00.0,1067,0,1,304,0,0,cr,0,
17024,50,48:40.3,00:00.0,1069,0,1,341,0,0,cr,0,
17025,30,49:30.7,00:00.0,1071,0,1,386,0,0,cr,0,
17026,10,50:19.5,00:00.0,1072,0,3,306,0,0,cr,0,
17027,10,50:19.5,00:00.0,1072,0,1,306,0,0,cr,0,
17028,20,51:37.7,00:00.0,868,0,1,343,0,0,cr,0,
17029,20,52:34.5,00:00.0,869,0,3,409,0,0,cr,0,
17030,100,52:34.5,00:00.0,869,0,1,409,0,0,cr,0,
17031,20,54:05.3,00:00.0,870,0,1,385,0,0,cr,0,
17032,100,54:43.5,00:00.0,871,0,1,398,0,0,cr,0,
17033,10,55:43.1,00:00.0,872,0,1,404,0,0,cr,0,
17034,10,56:26.7,00:00.0,873,0,1,425,0,0,cr,0,
17035,50,57:11.9,00:00.0,874,0,1,392,0,0,cr,0,
17036,50,57:52.8,00:00.0,875,0,1,391,0,0,cr,0,
17037,50,58:32.8,00:00.0,876,0,3,332,0,0,cr,0,
17038,50,58:32.8,00:00.0,876,0,1,332,0,0,cr,0,
17039,20,59:29.7,00:00.0,877,0,1,321,0,0,cr,0,
17040,50,00:43.4,00:00.0,878,0,1,322,0,0,cr,0,
17041,20,01:27.1,00:00.0,879,0,1,320,0,0,cr,0,
17042,50,46:23.8,00:00.0,880,0,3,412,0,0,cr,0,
17043,100,46:23.8,00:00.0,880,0,1,412,0,0,cr,0,
17044,20,47:33.8,00:00.0,881,0,1,385,0,0,cr,0,
17045,60,48:38.7,00:00.0,882,0,1,391,0,0,cr,0,
17046,60,49:14.8,00:00.0,883,0,1,392,0,0,cr,0,
17047,20,50:05.9,00:00.0,884,0,1,17,0,0,cr,0,
17048,30,50:42.6,00:00.0,885,0,1,389,0,0,cr,0,
17049,30,51:24.4,00:00.0,886,0,3,304,0,0,cr,0,
17050,20,51:24.4,00:00.0,886,0,1,304,0,0,cr,0,
17051,20,52:24.5,00:00.0,887,0,1,371,0,0,cr,0,
17052,50,53:41.7,00:00.0,888,0,3,332,0,0,cr,0,
17053,50,53:41.7,00:00.0,888,0,1,332,0,0,cr,0,
17054,50,55:23.7,00:00.0,889,0,1,430,0,0,cr,0,
17055,30,56:22.3,00:00.0,890,0,1,20,0,0,cr,0,
17056,10,56:58.8,00:00.0,891,0,1,329,0,0,cr,0,
17057,50,19:34.7,00:00.0,501,0,1,341,0,0,cr,0,
17058,50,20:36.9,00:00.0,502,0,1,392,0,0,cr,0,
17059,40,21:17.9,00:00.0,503,0,1,390,0,0,cr,0,
17060,50,21:50.4,00:00.0,504,0,1,391,0,0,cr,0,
17061,200,22:47.1,00:00.0,507,0,1,1572,0,0,cr,0,
17062,50,27:06.0,00:00.0,508,0,1,1573,0,0,cr,0,
17063,50,28:07.6,00:00.0,510,0,1,317,0,0,cr,0,
17064,100,28:44.0,00:00.0,509,0,3,316,0,0,cr,0,
17065,100,28:44.0,00:00.0,509,0,1,316,0,0,cr,0,
17066,10,29:49.3,00:00.0,551,0,1,371,0,0,cr,0,
17067,60,30:42.3,00:00.0,552,0,1,1574,0,0,cr,0,
17068,20,31:27.2,00:00.0,553,0,3,422,0,0,cr,0,
17069,40,31:27.2,00:00.0,553,0,1,422,0,0,cr,0,
17070,10,41:52.1,00:00.0,554,0,3,304,0,0,cr,0,
17071,10,41:52.1,00:00.0,554,0,1,304,0,0,cr,0,
17072,20,42:50.4,00:00.0,892,0,1,401,0,0,cr,0,
17073,20,43:31.8,00:00.0,893,0,1,402,0,0,cr,0,
17074,10,44:13.3,00:00.0,894,0,1,421,0,0,cr,0,
17075,20,44:49.8,00:00.0,895,0,1,425,0,0,cr,0,
17076,20,45:33.2,00:00.0,896,0,3,409,0,0,cr,0,
17077,100,45:33.2,00:00.0,896,0,1,409,0,0,cr,0,
17078,50,46:31.9,00:00.0,897,0,3,332,0,0,cr,0,
17079,50,46:31.9,00:00.0,897,0,1,332,0,0,cr,0,
17080,10,47:29.7,00:00.0,511,0,3,306,0,0,cr,0,
17081,10,47:29.7,00:00.0,511,0,1,306,0,0,cr,0,
17082,20,48:23.0,00:00.0,555,0,1,421,0,0,cr,0,
17083,20,11:14.7,00:00.0,556,0,3,432,0,0,cr,0,
17084,20,11:14.7,00:00.0,556,0,1,432,0,0,cr,0,
17085,20,12:15.9,00:00.0,557,0,1,343,0,0,cr,0,
17086,10,13:01.9,00:00.0,512,0,3,422,0,0,cr,0,
17087,20,13:01.9,00:00.0,512,0,1,422,0,0,cr,0,
17088,30,13:59.0,00:00.0,513,0,3,304,0,0,cr,0,
17089,30,13:59.0,00:00.0,513,0,1,304,0,0,cr,0,
17090,50,15:10.9,00:00.0,514,0,3,332,0,0,cr,0,
17091,50,15:10.9,00:00.0,514,0,1,332,0,0,cr,0,
17092,10,18:40.4,00:00.0,515,0,3,425,0,0,cr,0,
17093,10,18:40.4,00:00.0,515,0,1,425,0,0,cr,0,
17094,20,19:45.5,00:00.0,516,0,3,304,0,0,cr,0,
17095,30,19:45.5,00:00.0,516,0,1,304,0,0,cr,0,
17096,20,20:41.5,00:00.0,517,0,3,432,0,0,cr,0,
17097,20,20:41.5,00:00.0,517,0,1,432,0,0,cr,0,
17098,20,21:29.7,00:00.0,518,0,1,371,0,0,cr,0,
17099,20,22:16.4,00:00.0,519,0,1,325,0,0,cr,0,
17100,80,23:01.3,00:00.0,520,0,3,332,0,0,cr,0,
17101,50,23:01.3,00:00.0,520,0,1,332,0,0,cr,0,
17102,50,24:32.6,00:00.0,521,0,1,322,0,0,cr,0,
17103,30,25:13.4,00:00.0,522,0,1,389,0,0,cr,0,
17104,20,26:04.4,00:00.0,523,0,1,17,0,0,cr,0,
17105,20,26:44.9,00:00.0,524,0,3,329,0,0,cr,0,
17106,200,27:25.4,00:00.0,525,0,1,355,0,0,cr,0,
17107,50,39:39.1,00:00.0,558,0,1,390,0,0,cr,0,
17108,100,05:57.7,00:00.0,559,0,1,332,0,0,cr,0,
17109,30,06:53.7,00:00.0,561,0,3,304,0,0,cr,0,
17110,20,06:53.7,00:00.0,561,0,1,304,0,0,cr,0,
17111,40,08:02.2,00:00.0,562,0,1,295,0,0,cr,0,
17112,20,09:12.9,00:00.0,562,0,3,306,0,0,cr,0,
17113,20,09:12.9,00:00.0,562,0,1,306,0,0,cr,0,
17114,50,10:55.4,00:00.0,564,0,3,386,0,0,cr,0,
17115,20,10:55.4,00:00.0,564,0,1,386,0,0,cr,0,
17116,100,11:59.9,00:00.0,565,0,3,433,0,0,cr,0,
17117,20,12:59.3,00:00.0,567,0,3,409,0,0,cr,0,
17118,50,12:59.3,00:00.0,567,0,1,409,0,0,cr,0,
17119,10,13:59.1,00:00.0,568,0,1,371,0,0,cr,0,
17120,50,14:47.7,00:00.0,569,0,1,435,0,0,cr,0,
17121,10,15:30.6,00:00.0,570,0,1,408,0,0,cr,0,
17122,200,16:37.0,00:00.0,571,0,1,372,0,0,cr,0,
17123,20,17:40.9,00:00.0,572,0,1,432,0,0,cr,0,
17124,160,52:25.9,00:00.0,401,0,1,375,0,0,cr,0,
17125,100,57:01.5,00:00.0,402,0,1,332,0,0,cr,0,
17126,40,57:49.3,00:00.0,403,0,1,435,0,0,cr,0,
17127,2000,58:44.8,00:00.0,404,0,1,420,0,0,cr,0,
17128,50,51:18.1,00:00.0,405,0,3,386,0,0,cr,0,
17129,40,51:18.1,00:00.0,405,0,1,386,0,0,cr,0,
17130,50,52:40.8,00:00.0,406,0,1,317,0,0,cr,0,
17131,50,53:50.1,00:00.0,408,0,1,1573,0,0,cr,0,
17132,100,54:58.4,00:00.0,409,0,1,316,0,0,cr,0,
17133,200,55:41.7,00:00.0,410,0,1,1572,0,0,cr,0,
17134,300,56:48.0,00:00.0,407,0,3,372,0,0,cr,0,
17135,50,56:48.0,00:00.0,407,0,1,372,0,0,cr,0,
17136,100,06:47.9,00:00.0,2166,0,3,316,0,0,cr,0,
17137,40,09:15.2,00:00.0,573,0,3,422,0,0,cr,0,
17138,60,09:15.2,00:00.0,573,0,1,422,0,0,cr,0,
17139,10,11:45.7,00:00.0,575,0,3,1574,0,0,cr,0,
17140,100,11:45.7,00:00.0,575,0,1,1574,0,0,cr,0,
17141,10,12:52.9,00:00.0,576,0,1,371,0,0,cr,0,
17142,10,13:40.2,00:00.0,577,0,3,425,0,0,cr,0,
17143,10,13:40.2,00:00.0,577,0,1,425,0,0,cr,0,
17144,100,33:19.6,00:00.0,578,0,3,432,0,0,cr,0,
17145,20,36:54.8,00:00.0,579,0,1,353,0,0,cr,0,
17146,20,56:28.5,00:00.0,580,0,1,325,0,0,cr,0,
17147,50,57:17.0,00:00.0,581,0,1,434,0,0,cr,0,
17148,30,58:49.6,00:00.0,502,0,3,304,0,0,cr,0,
17149,20,58:49.6,00:00.0,502,0,1,304,0,0,cr,0,
17150,2400,59:57.5,00:00.0,L002,0,2,375,288,0,cr,0,
17151,10,08:52.3,00:00.0,583,0,3,425,0,0,cr,0,
17152,10,08:52.3,00:00.0,583,0,1,425,0,0,cr,0,
17153,60,30:07.2,00:00.0,584,0,1,435,0,0,cr,0,
17154,20,31:05.9,00:00.0,585,0,3,409,0,0,cr,0,
17155,50,31:05.9,00:00.0,585,0,1,409,0,0,cr,0,
17156,20,32:23.4,00:00.0,586,0,1,343,0,0,cr,0,
17157,20,33:20.0,00:00.0,587,0,1,325,0,0,cr,0,
17158,50,34:10.2,00:00.0,588,0,1,434,0,0,cr,0,
17159,10,35:03.4,00:00.0,589,0,1,371,0,0,cr,0,
17160,20,35:51.9,00:00.0,411,0,1,370,0,0,cr,0,
17161,100,36:39.7,00:00.0,412,0,3,436,0,0,cr,0,
17162,90,36:39.7,00:00.0,412,0,1,436,0,0,cr,0,
17163,100,37:44.2,00:00.0,413,0,1,398,0,0,cr,0,
17164,100,38:37.7,00:00.0,414,0,1,332,0,0,cr,0,
17165,50,39:38.0,00:00.0,416,0,1,304,0,0,cr,0,
17166,10,40:43.3,00:00.0,417,0,3,437,0,0,cr,0,
17167,10,40:43.3,00:00.0,417,0,1,437,0,0,cr,0,
17168,100,41:32.6,00:00.0,418,0,3,438,0,0,cr,0,
17169,300,41:32.6,00:00.0,418,0,1,438,0,0,cr,0,
17170,10,42:53.9,00:00.0,415,0,3,358,0,0,cr,0,
17171,20,42:53.9,00:00.0,415,0,1,358,0,0,cr,0,
17172,40,46:29.3,00:00.0,420,0,1,422,0,0,cr,0,
17173,10,47:22.6,00:00.0,421,0,1,371,0,0,cr,0,
17174,20,47:59.4,00:00.0,422,0,1,325,0,0,cr,0,
17175,10,48:41.0,00:00.0,423,0,3,425,0,0,cr,0,
17176,10,48:41.0,00:00.0,423,0,1,425,0,0,cr,0,
17177,100,49:48.3,00:00.0,424,0,3,367,0,0,cr,0,
17178,100,49:48.3,00:00.0,424,0,1,367,0,0,cr,0,
17179,50,50:51.7,00:00.0,425,0,3,386,0,0,cr,0,
17180,100,51:42.4,00:00.0,426,0,1,332,0,0,cr,0,
17181,60,52:40.2,00:00.0,427,0,1,432,0,0,cr,0,
17182,50,53:34.9,00:00.0,527,0,1,409,0,0,cr,0,
17183,20,55:52.6,00:00.0,528,0,3,370,0,0,cr,0,
17184,20,55:52.6,00:00.0,528,0,1,370,0,0,cr,0,
17185,40,56:52.4,00:00.0,529,0,1,388,0,0,cr,0,
17186,10,57:51.9,00:00.0,530,0,1,353,0,0,cr,0,
17187,50,58:55.8,00:00.0,531,0,1,304,0,0,cr,0,
17188,80,59:38.8,00:00.0,534,0,1,398,0,0,cr,0,
17189,100,00:24.4,00:00.0,532,0,1,433,0,0,cr,0,
17190,30,01:31.5,00:00.0,428,0,1,17,0,0,cr,0,
17191,20,02:16.7,00:00.0,429,0,1,389,0,0,cr,0,
17192,10,03:07.0,00:00.0,526,0,1,19,0,0,cr,0,
17193,100,46:15.4,00:00.0,590,0,1,375,0,0,cr,0,
17194,70,49:02.6,00:00.0,591,0,1,398,0,0,cr,0,
17195,50,53:05.2,00:00.0,592,0,1,304,0,0,cr,0,
17197,50,56:36.2,00:00.0,535,0,3,432,0,0,cr,0,
17198,20,56:36.2,00:00.0,535,0,1,432,0,0,cr,0,
17199,50,02:44.4,00:00.0,536,0,1,322,0,0,cr,0,
17200,60,04:00.0,00:00.0,537,0,1,1574,0,0,cr,0,
17201,50,47:01.6,00:00.0,538,0,1,7,0,0,cr,0,
17202,20,48:11.5,00:00.0,539,0,1,320,0,0,cr,0,
17203,20,48:54.7,00:00.0,593,0,3,306,0,0,cr,0,
17204,20,48:54.7,00:00.0,593,0,1,306,0,0,cr,0,
17205,50,49:49.9,00:00.0,594,0,3,4,0,0,cr,0,
17206,50,49:49.9,00:00.0,594,0,1,4,0,0,cr,0,
17207,20,51:28.5,00:00.0,595,0,1,419,0,0,cr,0,
17208,150,52:36.0,00:00.0,596,0,1,375,0,0,cr,0,
17209,10,53:25.0,00:00.0,597,0,3,425,0,0,cr,0,
17210,10,53:25.0,00:00.0,597,0,1,425,0,0,cr,0,
17211,100,54:37.7,00:00.0,598,0,3,432,0,0,cr,0,
17212,20,55:46.7,00:00.0,599,0,1,325,0,0,cr,0,
17213,50,56:30.1,00:00.0,600,0,1,304,0,0,cr,0,
17214,20,58:23.8,00:00.0,451,0,3,343,0,0,cr,0,
17215,20,58:23.8,00:00.0,451,0,1,343,0,0,cr,0,
17216,100,59:21.9,00:00.0,452,0,1,332,0,0,cr,0,
17217,10,00:23.1,00:00.0,453,0,3,3,0,0,cr,0,
17218,10,00:23.1,00:00.0,453,0,1,3,0,0,cr,0,
17219,100,01:49.1,00:00.0,454,0,1,316,0,0,cr,0,
17220,50,02:46.2,00:00.0,457,0,1,1573,0,0,cr,0,
17221,50,03:34.0,00:00.0,458,0,1,317,0,0,cr,0,
17222,50,04:16.6,00:00.0,540,0,1,322,0,0,cr,0,
17223,15,12:39.1,00:00.0,541,0,1,371,0,0,cr,0,
17224,10,13:15.8,00:00.0,542,0,3,306,0,0,cr,0,
17225,10,13:15.8,00:00.0,542,0,1,306,0,0,cr,0,
17226,10,14:15.9,00:00.0,543,0,1,353,0,0,cr,0,
17227,50,14:53.7,00:00.0,544,0,3,7,0,0,cr,0,
17228,50,14:53.7,00:00.0,544,0,1,7,0,0,cr,0,
17229,50,15:51.7,00:00.0,545,0,1,398,0,0,cr,0,
17230,100,18:05.0,00:00.0,546,0,1,439,0,0,cr,0,
17231,50,19:41.1,00:00.0,547,0,3,1,0,0,cr,0,
17232,50,19:41.1,00:00.0,547,0,1,1,0,0,cr,0,
17233,50,20:43.9,00:00.0,547,0,3,4,0,0,cr,0,
17234,50,20:43.9,00:00.0,547,0,1,4,0,0,cr,0,
17235,10,21:56.1,00:00.0,459,0,3,329,0,0,cr,0,
17236,50,16:56.2,00:00.0,430,0,1,434,0,0,cr,0,
17237,20,20:51.6,00:00.0,431,0,1,320,0,0,cr,0,
17238,100,21:34.4,00:00.0,460,0,3,439,0,0,cr,0,
17239,20,21:34.4,00:00.0,460,0,1,439,0,0,cr,0,
17240,50,22:43.4,00:00.0,461,0,1,322,0,0,cr,0,
17241,50,23:28.3,00:00.0,462,0,1,398,0,0,cr,0,
17242,10,24:38.1,00:00.0,463,0,3,306,0,0,cr,0,
17243,10,24:38.1,00:00.0,463,0,1,306,0,0,cr,0,
17244,20,25:35.7,00:00.0,464,0,1,325,0,0,cr,0,
17245,100,26:47.6,00:00.0,465,0,3,433,0,0,cr,0,
17246,100,26:47.6,00:00.0,465,0,1,433,0,0,cr,0,
17247,20,27:45.8,00:00.0,466,0,3,422,0,0,cr,0,
17248,40,27:45.8,00:00.0,466,0,1,422,0,0,cr,0,
17249,20,31:39.9,00:00.0,467,0,3,1574,0,0,cr,0,
17250,60,31:39.9,00:00.0,467,0,1,1574,0,0,cr,0,
17251,50,35:12.8,00:00.0,468,0,1,304,0,0,cr,0,
17252,30,36:12.2,00:00.0,469,0,1,419,0,0,cr,0,
17253,50,37:08.6,00:00.0,471,0,1,332,0,0,cr,0,
17254,10,38:32.4,00:00.0,548,0,3,425,0,0,cr,0,
17255,10,38:32.4,00:00.0,548,0,1,425,0,0,cr,0,
17256,50,39:40.0,00:00.0,549,0,1,7,0,0,cr,0,
17257,20,40:39.5,00:00.0,550,0,3,343,0,0,cr,0,
17258,20,40:39.5,00:00.0,550,0,1,343,0,0,cr,0,
17259,50,41:58.4,00:00.0,433,0,3,1,0,0,cr,0,
17260,50,41:58.4,00:00.0,433,0,1,1,0,0,cr,0,
17261,50,44:09.1,00:00.0,472,0,3,4,0,0,cr,0,
17262,50,44:09.1,00:00.0,472,0,1,4,0,0,cr,0,
17263,50,46:50.2,00:00.0,474,0,3,14,0,0,cr,0,
17264,50,46:50.2,00:00.0,474,0,1,14,0,0,cr,0,
17265,50,47:42.4,00:00.0,473,0,3,415,0,0,cr,0,
17266,50,47:42.4,00:00.0,473,0,1,415,0,0,cr,0,
17267,50,01:41.1,00:00.0,435,0,3,325,0,0,cr,0,
17268,50,01:41.1,00:00.0,435,0,1,325,0,0,cr,0,
17269,50,02:47.6,00:00.0,436,0,1,304,0,0,cr,0,
17270,20,03:39.7,00:00.0,437,0,1,306,0,0,cr,0,
17271,70,04:23.8,00:00.0,438,0,1,7,0,0,cr,0,
17272,300,05:01.2,00:00.0,475,0,1,375,0,0,cr,0,
17273,700,06:03.0,00:00.0,476,0,1,375,0,0,cr,0,
17274,50,07:28.6,00:00.0,477,0,1,341,0,0,cr,0,
17275,50,08:41.0,00:00.0,478,0,1,434,0,0,cr,0,
17276,50,09:45.6,00:00.0,479,0,1,398,0,0,cr,0,
17277,10,10:21.6,00:00.0,480,0,1,371,0,0,cr,0,
17278,50,11:02.8,00:00.0,481,0,1,332,0,0,cr,0,
17279,10,11:55.8,00:00.0,482,0,1,3,0,0,cr,0,
17280,100,17:54.6,00:00.0,1073,0,3,439,0,0,cr,0,
17281,50,17:54.6,00:00.0,1073,0,1,439,0,0,cr,0,
17282,50,19:07.5,00:00.0,1075,0,1,7,0,0,cr,0,
17284,50,19:56.7,00:00.0,439,0,1,398,0,0,cr,0,
17285,100,21:21.6,00:00.0,440,0,1,409,0,0,cr,0,
17286,10,22:12.0,00:00.0,441,0,3,409,0,0,cr,0,
17287,40,23:05.9,00:00.0,441,0,1,388,0,0,cr,0,
17288,50,23:57.0,00:00.0,443,0,3,412,0,0,cr,0,
17289,20,25:01.9,00:00.0,444,0,3,343,0,0,cr,0,
17290,20,25:01.9,00:00.0,444,0,1,343,0,0,cr,0,
17291,20,25:58.4,00:00.0,445,0,3,434,0,0,cr,0,
17292,50,25:58.4,00:00.0,445,0,1,434,0,0,cr,0,
17293,30,27:26.3,00:00.0,446,0,1,431,0,0,cr,0,
17294,10,28:36.6,00:00.0,898,0,1,353,0,0,cr,0,
17295,10,29:24.6,00:00.0,899,0,1,371,0,0,cr,0,
17296,50,30:10.9,00:00.0,900,0,1,304,0,0,cr,0,
17297,20,31:45.0,00:00.0,448,0,1,441,0,0,cr,0,
17298,10,12:41.1,00:00.0,251,0,3,1574,0,0,cr,0,
17299,100,12:41.1,00:00.0,251,0,1,1574,0,0,cr,0,
17300,100,13:58.9,00:00.0,252,0,1,377,0,0,cr,0,
17301,20,14:49.6,00:00.0,253,0,1,431,0,0,cr,0,
17302,20,16:37.1,00:00.0,1075,0,1,371,0,0,cr,0,
17303,100,17:28.6,00:00.0,1076,0,3,412,0,0,cr,0,
17304,150,17:28.6,00:00.0,1076,0,1,412,0,0,cr,0,
17305,50,18:09.5,00:00.0,1077,0,1,412,0,0,cr,0,
17306,100,19:53.5,00:00.0,1078,0,1,361,0,0,cr,0,
17307,20,20:45.8,00:00.0,449,0,3,409,0,0,cr,0,
17308,100,20:45.8,00:00.0,449,0,1,409,0,0,cr,0,
17309,30,21:57.7,00:00.0,450,0,3,422,0,0,cr,0,
17310,100,21:57.7,00:00.0,450,0,1,422,0,0,cr,0,
17311,50,22:49.2,00:00.0,483,0,1,398,0,0,cr,0,
17312,40,24:13.8,00:00.0,484,0,1,311,0,0,cr,0,
17313,50,25:03.8,00:00.0,485,0,1,304,0,0,cr,0,
17314,50,25:03.8,00:00.0,486,0,1,304,0,0,cr,0,
17315,10,26:54.9,00:00.0,487,0,3,306,0,0,cr,0,
17316,20,26:54.9,00:00.0,487,0,1,306,0,0,cr,0,
17317,50,27:56.5,00:00.0,488,0,3,7,0,0,cr,0,
17318,50,27:56.5,00:00.0,488,0,1,7,0,0,cr,0,
17319,40,29:29.1,00:00.0,489,0,1,389,0,0,cr,0,
17320,10,34:28.0,00:00.0,254,0,3,343,0,0,cr,0,
17321,20,34:28.0,00:00.0,254,0,1,343,0,0,cr,0,
17322,100,35:34.9,00:00.0,255,0,1,361,0,0,cr,0,
17323,20,36:23.1,00:00.0,256,0,1,431,0,0,cr,0,
17324,50,36:58.1,00:00.0,257,0,1,322,0,0,cr,0,
17325,50,37:38.8,00:00.0,258,0,1,304,0,0,cr,0,
17326,20,43:38.9,00:00.0,490,0,1,431,0,0,cr,0,
17327,50,44:32.9,00:00.0,491,0,1,304,0,0,cr,0,
17328,10,10:13.3,00:00.0,492,0,1,353,0,0,cr,0,
17329,20,11:08.7,00:00.0,493,0,3,1574,0,0,cr,0,
17330,40,11:08.7,00:00.0,493,0,1,1574,0,0,cr,0,
17331,50,12:51.4,00:00.0,494,0,1,377,0,0,cr,0,
17332,50,13:37.3,00:00.0,259,0,1,398,0,0,cr,0,
17333,10,14:15.3,00:00.0,260,0,1,371,0,0,cr,0,
17334,50,15:10.7,00:00.0,261,0,1,341,0,0,cr,0,
17335,40,16:04.2,00:00.0,262,0,1,388,0,0,cr,0,
17336,50,17:37.9,00:00.0,263,0,1,332,0,0,cr,0,
17337,50,19:40.8,00:00.0,264,0,1,332,0,0,cr,0,
17338,10,20:49.9,00:00.0,265,0,1,371,0,0,cr,0,
17339,50,22:05.7,00:00.0,351,0,1,398,0,0,cr,0,
17340,20,22:48.0,00:00.0,352,0,1,431,0,0,cr,0,
17341,350,23:51.2,00:00.0,353,0,1,442,0,0,cr,0,
17342,50,25:01.2,00:00.0,354,0,1,304,0,0,cr,0,
17343,500,25:52.0,00:00.0,355,0,1,438,0,0,cr,0,
17344,50,26:25.5,00:00.0,495,0,1,412,0,0,cr,0,
17345,20,25:52.0,00:00.0,496,0,3,343,0,0,cr,0,
17346,30,25:52.0,00:00.0,496,0,1,343,0,0,cr,0,
17347,10,27:02.2,00:00.0,497,0,3,1574,0,0,cr,0,
17348,20,27:02.2,00:00.0,497,0,1,1574,0,0,cr,0,
17349,20,28:08.8,00:00.0,498,0,3,422,0,0,cr,0,
17350,20,28:08.8,00:00.0,498,0,1,422,0,0,cr,0,
17351,10,29:17.6,00:00.0,499,0,1,353,0,0,cr,0,
17352,20,30:07.7,00:00.0,500,0,3,306,0,0,cr,0,
17353,1000,31:34.6,00:00.0,W002,0,1,398,0,0,dr,0,
17354,20,44:43.8,00:00.0,268,0,3,343,0,0,cr,0,
17355,30,44:43.8,00:00.0,268,0,1,343,0,0,cr,0,
17356,20,48:55.4,00:00.0,269,0,3,434,0,0,cr,0,
17357,30,48:55.4,00:00.0,269,0,1,434,0,0,cr,0,
17358,50,55:27.1,00:00.0,270,0,1,304,0,0,cr,0,
17359,20,56:10.3,00:00.0,271,0,1,431,0,0,cr,0,
17360,10,56:51.3,00:00.0,272,0,1,371,0,0,cr,0,
17361,100,57:33.6,00:00.0,273,0,1,7,0,0,cr,0,
17362,50,58:20.3,00:00.0,274,0,1,332,0,0,cr,0,
17363,210,59:07.3,00:00.0,275,0,1,443,0,0,cr,0,
17364,20,00:46.9,00:00.0,276,0,3,409,0,0,cr,0,
17365,50,00:46.9,00:00.0,276,0,1,409,0,0,cr,0,
17366,20,41:29.9,00:00.0,277,0,1,431,0,0,cr,0,
17367,100,42:06.3,00:00.0,278,0,3,412,0,0,cr,0,
17368,100,42:06.3,00:00.0,278,0,1,412,0,0,cr,0,
17369,50,43:19.1,00:00.0,279,0,1,293,0,0,cr,0,
17370,200,44:10.7,00:00.0,280,0,3,331,0,0,cr,0,
17371,100,44:10.7,00:00.0,280,0,1,331,0,0,cr,0,
17372,100,00:50.5,00:00.0,356,0,1,306,0,0,cr,0,
17373,50,01:44.0,00:00.0,357,0,1,322,0,0,cr,0,
17374,50,02:34.8,00:00.0,360,0,1,332,0,0,cr,0,
17375,20,03:16.8,00:00.0,362,0,1,422,0,0,cr,0,
17376,40,04:10.2,00:00.0,363,0,1,1574,0,0,cr,0,
17377,10,04:50.1,00:00.0,364,0,1,371,0,0,cr,0,
17378,50,05:22.0,00:00.0,365,0,3,301,0,0,cr,0,
17379,150,06:15.6,00:00.0,359,0,2,375,0,0,dr,0,
17380,100,08:18.3,00:00.0,W003,0,1,20,0,0,dr,0,
17381,80,20:24.9,00:00.0,281,0,1,398,0,0,cr,0,
17382,40,21:29.3,00:00.0,282,0,1,388,0,0,cr,0,
17383,100,22:11.4,00:00.0,283,0,1,378,0,0,cr,0,
17384,10,22:53.5,00:00.0,284,0,1,371,0,0,cr,0,
17385,100,23:23.6,00:00.0,285,0,1,438,0,0,cr,0,
17386,200,24:06.7,00:00.0,286,0,2,375,0,0,dr,0,
17387,20,25:04.9,00:00.0,287,0,1,431,0,0,cr,0,
17388,50,25:58.8,00:00.0,288,0,1,293,0,0,cr,0,
17389,50,26:38.0,00:00.0,289,0,1,322,0,0,cr,0,
17390,50,27:12.3,00:00.0,290,0,1,322,0,0,cr,0,
17391,20,27:57.5,00:00.0,291,0,3,329,0,0,cr,0,
17392,100,28:39.3,00:00.0,292,0,1,311,0,0,cr,0,
17393,100,29:18.4,00:00.0,293,0,1,304,0,0,cr,0,
17394,10,00:09.6,00:00.0,366,0,1,371,0,0,cr,0,
17395,20,01:05.0,00:00.0,367,0,3,432,0,0,cr,0,
17396,50,01:40.4,00:00.0,368,0,1,293,0,0,cr,0,
17397,170,02:12.6,00:00.0,369,0,1,398,0,0,cr,0,
17398,50,04:16.4,00:00.0,370,0,1,7,0,0,cr,0,
17399,50,04:56.1,00:00.0,371,0,1,435,0,0,cr,0,
17400,50,05:30.9,00:00.0,372,0,1,304,0,0,cr,0,
17401,40,06:03.6,00:00.0,373,0,1,1574,0,0,cr,0,
17402,100,06:37.1,00:00.0,374,0,1,295,0,0,cr,0,
17403,5000,07:23.2,00:00.0,L002,0,2,323,400,0,cr,0,
17404,10,43:48.7,00:00.0,1079,0,1,371,0,0,cr,0,
17405,10,45:17.4,00:00.0,1080,0,3,343,0,0,cr,0,
17406,30,45:17.4,00:00.0,1080,0,1,343,0,0,cr,0,
17407,100,46:13.5,00:00.0,1081,0,1,316,0,0,cr,0,
17408,200,46:58.3,00:00.0,1082,0,1,1572,0,0,cr,0,
17409,50,47:50.3,00:00.0,1083,0,1,1573,0,0,cr,0,
17410,50,48:38.3,00:00.0,1084,0,1,317,0,0,cr,0,
17411,50,49:20.3,00:00.0,1085,0,1,416,0,0,cr,0,
17412,50,50:00.0,00:00.0,1086,0,1,415,0,0,cr,0,
17413,50,50:42.4,00:00.0,375,0,1,304,0,0,cr,0,
17414,100,51:19.1,00:00.0,1087,0,1,7,0,0,cr,0,
17415,40,52:08.5,00:00.0,376,0,1,370,0,0,cr,0,
17416,100,52:54.5,00:00.0,377,0,1,322,0,0,cr,0,
17417,100,53:45.6,00:00.0,378,0,1,390,0,0,cr,0,
17418,50,54:28.4,00:00.0,379,0,1,304,0,0,cr,0,
17419,50,01:13.1,00:00.0,380,0,2,375,0,0,dr,0,
17420,40,03:03.9,00:00.0,381,0,1,454,0,0,cr,0,
17421,20,05:05.0,00:00.0,382,0,1,377,0,0,cr,0,
17422,100,06:26.3,00:00.0,383,0,1,293,0,0,cr,0,
17423,20,08:00.4,00:00.0,1088,0,1,353,0,0,cr,0,
17424,40,15:38.7,00:00.0,1089,0,3,432,0,0,cr,0,
17425,45,15:38.7,00:00.0,1089,0,1,432,0,0,cr,0,
17426,50,21:07.0,00:00.0,1090,0,1,409,0,0,cr,0,
17427,100,22:09.0,00:00.0,1091,0,1,304,0,0,cr,0,
17428,40,23:06.1,00:00.0,1092,0,1,378,0,0,cr,0,
17429,20,25:09.9,00:00.0,1093,0,3,422,0,0,cr,0,
17430,40,25:09.9,00:00.0,1093,0,1,422,0,0,cr,0,
17431,20,26:31.7,00:00.0,1095,0,1,1574,0,0,cr,0,
17432,20,27:18.0,00:00.0,1096,0,1,371,0,0,cr,0,
17433,100,28:10.4,00:00.0,1097,0,3,444,0,0,cr,0,
17434,600,28:10.4,00:00.0,1097,0,1,444,0,0,cr,0,
17435,20,29:29.9,00:00.0,1098,0,1,306,0,0,cr,0,
17436,50,30:18.8,00:00.0,1099,0,1,331,0,0,cr,0,
17437,100,31:14.5,00:00.0,1100,0,1,375,0,0,cr,0,
17438,200,32:16.6,00:00.0,1100,0,2,375,0,0,dr,0,
17439,250,42:37.8,00:00.0,W004,0,1,434,0,0,dr,0,
17440,40,43:51.5,00:00.0,301,0,1,388,0,0,cr,0,
17441,50,45:06.8,00:00.0,302,0,1,341,0,0,cr,0,
17442,100,46:13.1,00:00.0,303,0,1,378,0,0,cr,0,
17443,10,47:00.6,00:00.0,304,0,3,343,0,0,cr,0,
17444,30,47:00.6,00:00.0,304,0,1,343,0,0,cr,0,
17445,10,47:47.3,00:00.0,305,0,1,371,0,0,cr,0,
17446,20,48:35.1,00:00.0,306,0,1,425,0,0,cr,0,
17447,30,49:19.3,00:00.0,307,0,1,432,0,0,cr,0,
17448,200,49:58.5,00:00.0,308,0,1,454,0,0,cr,0,
17449,30,50:51.2,00:00.0,309,0,1,419,0,0,cr,0,
17450,100,51:37.3,00:00.0,310,0,1,7,0,0,cr,0,
17451,50,52:26.0,00:00.0,311,0,1,331,0,0,cr,0,
17452,40,53:05.6,00:00.0,312,0,1,293,0,0,cr,0,
17453,20,54:33.0,00:00.0,313,0,1,353,0,0,cr,0,
17454,30,55:30.7,00:00.0,314,0,3,422,0,0,cr,0,
17455,60,55:30.7,00:00.0,314,0,1,422,0,0,cr,0,
17456,50,56:27.8,00:00.0,315,0,1,1574,0,0,cr,0,
17457,10,57:22.8,00:00.0,385,0,1,371,0,0,cr,0,
17458,30,58:09.4,00:00.0,386,0,1,392,0,0,cr,0,
17459,30,58:55.2,00:00.0,387,0,1,391,0,0,cr,0,
17460,10,04:14.4,00:00.0,316,0,1,353,0,0,cr,0,
17461,20,05:20.6,00:00.0,317,0,1,419,0,0,cr,0,
17462,60,05:51.5,00:00.0,318,0,1,391,0,0,cr,0,
17463,10,06:29.9,00:00.0,319,0,1,392,0,0,cr,0,
17464,60,07:35.4,00:00.0,320,0,1,453,0,0,cr,0,
17465,20,08:33.8,00:00.0,322,0,3,452,0,0,cr,0,
17466,80,08:33.8,00:00.0,322,0,1,452,0,0,cr,0,
17467,10,09:45.4,00:00.0,388,0,1,371,0,0,cr,0,
17468,20,10:31.8,00:00.0,389,0,1,306,0,0,cr,0,
17469,50,11:17.0,00:00.0,390,0,1,293,0,0,cr,0,
17470,20,11:59.5,00:00.0,324,0,1,327,0,0,cr,0,
17471,400,12:49.0,00:00.0,W005,0,1,332,0,0,dr,0,
17472,30,14:00.6,00:00.0,325,0,1,425,0,0,cr,0,
17473,100,32:15.6,00:00.0,391,0,3,7,0,0,cr,0,
17474,400,32:15.6,00:00.0,391,0,1,7,0,0,cr,0,
17475,2000,34:00.9,00:00.0,393,0,1,311,0,0,cr,0,
17476,50,34:57.3,00:00.0,394,0,1,332,0,0,cr,0,
17477,60,35:48.3,00:00.0,395,0,1,1574,0,0,cr,0,
17478,50,37:31.5,00:00.0,396,0,1,451,0,0,cr,0,
17479,20,38:39.7,00:00.0,326,0,1,306,0,0,cr,0,
17480,50,39:31.8,00:00.0,327,0,1,409,0,0,cr,0,
17481,10,40:19.5,00:00.0,328,0,1,371,0,0,cr,0,
17482,60,40:56.1,00:00.0,329,0,1,435,0,0,cr,0,
17483,30,41:46.4,00:00.0,330,0,1,419,0,0,cr,0,
17484,100,43:47.9,00:00.0,331,0,1,304,0,0,cr,0,
17485,20,44:32.5,00:00.0,332,0,3,422,0,0,cr,0,
17486,30,44:32.5,00:00.0,332,0,1,422,0,0,cr,0,
17487,30,45:34.0,00:00.0,333,0,1,392,0,0,cr,0,
17488,30,46:08.9,00:00.0,334,0,1,391,0,0,cr,0,
17489,50,46:50.4,00:00.0,335,0,1,452,0,0,cr,0,
17490,300,47:37.0,00:00.0,336,0,1,7,0,0,cr,0,
17491,50,47:37.0,00:00.0,337,0,3,7,0,0,cr,0,
17492,100,49:30.3,00:00.0,W006,0,1,398,0,0,dr,0,
17493,1000,50:29.8,00:00.0,L003,0,2,327,120,0,cr,0,
17494,20,26:39.9,00:00.0,338,0,3,341,0,0,cr,0,
17495,30,26:39.9,00:00.0,338,0,1,341,0,0,cr,0,
17496,50,27:49.6,00:00.0,339,0,1,332,0,0,cr,0,
17497,60,28:31.6,00:00.0,340,0,1,392,0,0,cr,0,
17498,50,29:31.0,00:00.0,341,0,3,449,0,0,cr,0,
17499,20,29:31.0,00:00.0,341,0,1,449,0,0,cr,0,
17500,30,30:41.3,00:00.0,342,0,1,391,0,0,cr,0,
17501,50,31:44.3,00:00.0,343,0,1,452,0,0,cr,0,
17502,200,32:25.6,00:00.0,344,0,2,375,0,0,dr,0,
17503,50,33:28.9,00:00.0,345,0,1,320,0,0,cr,0,
17504,10,34:13.0,00:00.0,346,0,1,377,0,0,cr,0,
17505,50,34:54.1,00:00.0,348,0,1,304,0,0,cr,0,
17506,10,35:45.5,00:00.0,350,0,3,329,0,0,cr,0,
17507,50,36:38.7,00:00.0,350,0,3,7,0,0,cr,0,
17508,100,36:38.7,00:00.0,350,0,1,7,0,0,cr,0,
17509,40,37:25.8,00:00.0,295,0,1,388,0,0,cr,0,
17510,50,38:13.5,00:00.0,296,0,1,409,0,0,cr,0,
17511,10,38:50.6,00:00.0,297,0,1,371,0,0,cr,0,
17512,40,39:39.2,00:00.0,298,0,1,447,0,0,cr,0,
17513,5,41:01.6,00:00.0,299,0,1,450,0,0,cr,0,
17514,50,41:32.9,00:00.0,300,0,1,293,0,0,cr,0,
17515,30,42:27.7,00:00.0,347,0,1,3,0,0,cr,0,
17516,50,43:12.6,00:00.0,1,0,3,318,0,0,cr,0,
17517,30,43:12.6,00:00.0,1,0,1,318,0,0,cr,0,
17518,50,44:06.5,00:00.0,2,0,3,307,0,0,cr,0,
17519,30,44:06.5,00:00.0,2,0,1,307,0,0,cr,0,
17520,20,45:11.8,00:00.0,398,0,1,416,0,0,cr,0,
17521,20,45:50.0,00:00.0,399,0,1,415,0,0,cr,0,
17522,20,46:29.8,00:00.0,400,0,1,14,0,0,cr,0,
17523,50,47:07.9,00:00.0,3,0,3,400,0,0,cr,0,
17524,50,47:07.9,00:00.0,3,0,1,400,0,0,cr,0,
17525,200,01:00.4,00:00.0,W007,0,1,385,0,0,dr,0,
17526,100,03:46.6,00:00.0,4,0,1,322,0,0,cr,0,
17527,100,05:01.4,00:00.0,5,0,1,331,0,0,cr,0,
17528,100,06:12.3,00:00.0,6,0,2,327,0,0,dr,0,
17529,30,07:30.4,00:00.0,7,0,1,293,0,0,cr,0,
17530,10,08:36.5,00:00.0,8,0,1,371,0,0,cr,0,
17531,40,09:35.9,00:00.0,9,0,1,391,0,0,cr,0,
17532,50,10:26.5,00:00.0,10,0,1,392,0,0,cr,0,
17533,50,11:24.5,00:00.0,11,0,1,452,0,0,cr,0,
17534,50,12:17.9,00:00.0,12,0,1,332,0,0,cr,0,
17535,100,13:24.5,00:00.0,13,0,1,451,0,0,cr,0,
17536,500,24:53.8,00:00.0,14,0,1,420,0,0,cr,0,
17537,20,25:58.6,00:00.0,15,0,1,306,0,0,cr,0,
17538,200,31:26.3,00:00.0,16,0,3,372,0,0,cr,0,
17539,50,31:26.3,00:00.0,16,0,1,372,0,0,cr,0,
17540,10,32:37.4,00:00.0,17,0,1,449,0,0,cr,0,
17541,10,34:35.4,00:00.0,18,0,1,448,0,0,cr,0,
17542,50,35:58.8,00:00.0,19,0,1,304,0,0,cr,0,
17543,100,37:20.2,00:00.0,20,0,1,7,0,0,cr,0,
17544,10,24:26.6,00:00.0,51,0,1,371,0,0,cr,0,
17545,100,25:41.8,00:00.0,52,0,1,296,0,0,cr,0,
17546,50,26:43.0,00:00.0,53,0,1,431,0,0,cr,0,
17547,100,27:32.9,00:00.0,54,0,2,327,0,0,dr,0,
17548,20,29:24.5,00:00.0,55,0,1,419,0,0,cr,0,
17549,20,30:19.4,00:00.0,56,0,1,419,0,0,cr,0,
17550,10,31:31.3,00:00.0,57,0,1,446,0,0,cr,0,
17551,50,32:17.5,00:00.0,21,0,1,409,0,0,cr,0,
17552,50,33:10.4,00:00.0,22,0,1,452,0,0,cr,0,
17553,50,33:46.4,00:00.0,23,0,1,332,0,0,cr,0,
17554,30,34:31.4,00:00.0,24,0,1,391,0,0,cr,0,
17555,40,35:15.3,00:00.0,25,0,1,392,0,0,cr,0,
17556,50,35:55.8,00:00.0,26,0,3,7,0,0,cr,0,
17557,50,35:55.8,00:00.0,26,0,1,7,0,0,cr,0,
17558,30,37:20.4,00:00.0,27,0,1,384,0,0,cr,0,
17559,300,38:20.4,00:00.0,28,0,1,372,0,0,cr,0,
17560,50,39:11.2,00:00.0,29,0,1,304,0,0,cr,0,
17561,20,12:38.9,00:00.0,31,0,1,431,0,0,cr,0,
17562,10,13:35.4,00:00.0,32,0,1,371,0,0,cr,0,
17563,50,14:37.6,00:00.0,33,0,1,304,0,0,cr,0,
17564,50,15:29.0,00:00.0,34,0,1,311,0,0,cr,0,
17565,40,16:08.4,00:00.0,35,0,1,446,0,0,cr,0,
17566,20,16:49.2,00:00.0,30,0,1,3,0,0,cr,0,
17567,100,17:35.6,00:00.0,36,0,1,322,0,0,cr,0,
17568,40,18:22.7,00:00.0,37,0,1,391,0,0,cr,0,
17569,100,19:07.8,00:00.0,38,0,1,296,0,0,cr,0,
17570,40,19:42.0,00:00.0,39,0,1,392,0,0,cr,0,
17571,50,20:18.5,00:00.0,40,0,1,452,0,0,cr,0,
17572,20,21:43.6,00:00.0,41,0,3,449,0,0,cr,0,
17573,30,21:43.6,00:00.0,41,0,1,449,0,0,cr,0,
17574,20,22:41.1,00:00.0,42,0,3,422,0,0,cr,0,
17575,20,22:41.1,00:00.0,42,0,1,422,0,0,cr,0,
17576,80,23:46.7,00:00.0,43,0,1,1574,0,0,cr,0,
17577,40,24:35.1,00:00.0,44,0,1,320,0,0,cr,0,
17578,20,25:38.8,00:00.0,46,0,1,3,0,0,cr,0,
17579,1500,28:48.0,00:00.0,L006,0,2,372,60,0,cr,0,
17580,4000,31:13.7,00:00.0,L005,0,2,311,480,0,cr,0,
17581,50,38:42.9,00:00.0,58,0,1,296,0,0,cr,0,
17582,40,40:08.6,00:00.0,59,0,1,392,0,0,cr,0,
17583,20,40:56.5,00:00.0,61,0,1,425,0,0,cr,0,
17584,50,41:52.9,00:00.0,63,0,1,304,0,0,cr,0,
17585,50,42:37.7,00:00.0,101,0,1,7,0,0,cr,0,
17586,20,43:36.5,00:00.0,102,0,1,419,0,0,cr,0,
17587,20,44:10.2,00:00.0,103,0,1,419,0,0,cr,0,
17588,100,47:10.8,00:00.0,104,0,2,327,0,0,dr,0,
17589,20,48:05.7,00:00.0,105,0,1,3,0,0,cr,0,
17590,40,48:53.2,00:00.0,47,0,1,388,0,0,cr,0,
17591,50,49:52.2,00:00.0,48,0,1,452,0,0,cr,0,
17592,40,50:52.6,00:00.0,49,0,1,391,0,0,cr,0,
17593,10,51:39.3,00:00.0,50,0,1,371,0,0,cr,0,
17594,490,27:27.8,00:00.0,64,0,1,465,0,0,cr,0,
17595,55,29:34.1,00:00.0,65,0,1,372,0,0,cr,0,
17596,195,30:12.6,00:00.0,65,0,2,372,0,0,dr,0,
17597,100,31:24.9,00:00.0,66,0,3,449,0,0,cr,0,
17598,200,31:24.9,00:00.0,66,0,1,449,0,0,cr,0,
17599,50,36:41.3,00:00.0,67,0,1,391,0,0,cr,0,
17600,50,39:34.6,00:00.0,68,0,1,452,0,0,cr,0,
17601,50,40:58.8,00:00.0,69,0,1,392,0,0,cr,0,
17602,50,43:28.2,00:00.0,70,0,1,296,0,0,cr,0,
17603,70,44:04.4,00:00.0,71,0,1,7,0,0,cr,0,
17604,500,45:01.2,00:00.0,L006,0,2,463,60,0,cr,0,
17605,100,48:37.7,00:00.0,72,0,1,409,0,0,cr,0,
17606,40,49:53.5,00:00.0,73,0,1,425,0,0,cr,0,
17607,100,50:37.3,00:00.0,74,0,2,327,0,0,dr,0,
17608,100,51:42.6,00:00.0,75,0,1,322,0,0,cr,0,
17609,30,52:44.7,00:00.0,76,0,1,1574,0,0,cr,0,
17610,20,54:02.2,00:00.0,77,0,1,422,0,0,cr,0,
17611,100,54:44.4,00:00.0,78,0,3,449,0,0,cr,0,
17612,200,54:44.4,00:00.0,78,0,1,449,0,0,cr,0,
17613,20,55:47.4,00:00.0,77,0,3,422,0,0,cr,0,
17614,50,57:10.6,00:00.0,79,0,1,391,0,0,cr,0,
17615,50,57:51.3,00:00.0,80,0,1,296,0,0,cr,0,
17616,50,58:29.0,00:00.0,81,0,1,392,0,0,cr,0,
17617,50,59:13.3,00:00.0,82,0,1,452,0,0,cr,0,
17618,200,43:13.9,00:00.0,83,0,1,304,0,0,cr,0,
17619,60,44:34.7,00:00.0,84,0,1,7,0,0,cr,0,
17620,20,46:44.2,00:00.0,85,0,1,431,0,0,cr,0,
17621,20,47:41.9,00:00.0,86,0,3,307,0,0,cr,0,
17622,20,47:41.9,00:00.0,86,0,1,307,0,0,cr,0,
17623,20,48:39.9,00:00.0,87,0,3,318,0,0,cr,0,
17624,20,48:39.9,00:00.0,87,0,1,318,0,0,cr,0,
17625,10,49:44.1,00:00.0,83,0,1,371,0,0,cr,0,
17626,500,51:12.3,00:00.0,W008,0,1,420,0,0,dr,0,
17627,20,35:57.3,00:00.0,89,0,1,431,0,0,cr,0,
17628,40,37:34.8,00:00.0,90,0,1,306,0,0,cr,0,
17629,100,38:18.9,00:00.0,92,0,1,304,0,0,cr,0,
17630,10,39:09.2,00:00.0,106,0,1,371,0,0,cr,0,
17631,60,39:57.6,00:00.0,107,0,3,449,0,0,cr,0,
17632,60,39:57.6,00:00.0,107,0,1,449,0,0,cr,0,
17633,30,40:55.2,00:00.0,108,0,1,446,0,0,cr,0,
17634,40,41:47.1,00:00.0,109,0,1,425,0,0,cr,0,
17635,50,43:44.3,00:00.0,110,0,1,296,0,0,cr,0,
17636,100,45:00.4,00:00.0,112,0,2,327,0,0,dr,0,
17637,100,52:34.9,00:00.0,113,0,1,316,0,0,cr,0,
17638,200,54:26.9,00:00.0,114,0,1,1572,0,0,cr,0,
17639,50,55:43.6,00:00.0,115,0,1,317,0,0,cr,0,
17640,50,37:46.2,00:00.0,116,0,1,1573,0,0,cr,0,
17641,100,38:39.3,00:00.0,117,0,1,304,0,0,cr,0,
17642,50,39:52.8,00:00.0,118,0,1,338,0,0,cr,0,
17643,50,40:54.3,00:00.0,119,0,1,336,0,0,cr,0,
17644,10,41:45.0,00:00.0,93,0,1,371,0,0,cr,0,
17645,50,42:32.4,00:00.0,94,0,1,322,0,0,cr,0,
17646,20,43:42.6,00:00.0,95,0,3,449,0,0,cr,0,
17647,50,43:42.6,00:00.0,95,0,1,449,0,0,cr,0,
17648,50,45:11.0,00:00.0,96,0,1,409,0,0,cr,0,
17649,200,46:08.0,00:00.0,97,0,1,464,0,0,cr,0,
17650,50,46:57.9,00:00.0,98,0,1,452,0,0,cr,0,
17651,50,47:53.6,00:00.0,99,0,1,391,0,0,cr,0,
17652,50,48:31.9,00:00.0,100,0,1,392,0,0,cr,0,
17653,300,50:38.5,00:00.0,W009,0,1,465,0,0,dr,0,
17654,500,56:42.3,00:00.0,LL01,0,2,445,50,0,cr,0,
17655,200,03:42.3,00:00.0,L007,0,2,419,20,0,cr,0,
17656,200,05:40.2,00:00.0,651,0,1,449,0,0,cr,0,
17657,50,07:21.9,00:00.0,652,0,1,409,0,0,cr,0,
17658,10,09:32.3,00:00.0,653,0,1,450,0,0,cr,0,
17659,70,10:27.2,00:00.0,654,0,3,411,0,0,cr,0,
17660,30,10:27.2,00:00.0,654,0,1,411,0,0,cr,0,
17661,50,12:01.0,00:00.0,655,0,1,391,0,0,cr,0,
17662,50,12:40.2,00:00.0,656,0,1,392,0,0,cr,0,
17663,50,13:13.0,00:00.0,657,0,1,452,0,0,cr,0,
17664,80,14:07.2,00:00.0,658,0,1,388,0,0,cr,0,
17665,10,14:44.5,00:00.0,659,0,1,371,0,0,cr,0,
17666,150,15:28.3,00:00.0,660,0,1,7,0,0,cr,0,
17667,50,16:58.0,00:00.0,661,0,1,304,0,0,cr,0,
17668,10,17:46.8,00:00.0,662,0,1,318,0,0,cr,0,
17669,20,17:46.8,00:00.0,662,0,3,318,0,0,cr,0,
17670,25,19:30.2,00:00.0,663,0,1,307,0,0,cr,0,
17671,25,19:30.2,00:00.0,663,0,3,307,0,0,cr,0,
17672,500,19:30.2,00:00.0,L008,0,2,307,50,0,cr,0,
17673,500,33:16.0,00:00.0,L008,0,2,7,50,0,cr,0,
17674,30,49:43.4,00:00.0,664,0,1,329,0,0,cr,0,
17675,50,12:20.2,00:00.0,665,0,1,341,0,0,cr,0,
17676,50,13:11.1,00:00.0,666,0,1,409,0,0,cr,0,
17677,100,13:50.4,00:00.0,667,0,1,322,0,0,cr,0,
17678,150,15:37.6,00:00.0,668,0,3,449,0,0,cr,0,
17679,330,15:37.6,00:00.0,668,0,1,449,0,0,cr,0,
17680,50,16:54.8,00:00.0,669,0,1,452,0,0,cr,0,
17681,50,26:31.0,00:00.0,670,0,1,296,0,0,cr,0,
17682,50,27:14.5,00:00.0,671,0,1,391,0,0,cr,0,
17683,50,27:57.6,00:00.0,672,0,1,392,0,0,cr,0,
17684,20,29:14.3,00:00.0,673,0,1,371,0,0,cr,0,
17685,40,30:19.9,00:00.0,674,0,1,1574,0,0,cr,0,
17686,50,31:22.3,00:00.0,675,0,1,332,0,0,cr,0,
17687,300,32:15.6,00:00.0,677,0,3,411,0,0,cr,0,
17688,100,33:06.5,00:00.0,679,0,1,7,0,0,cr,0,
17689,50,34:15.8,00:00.0,680,0,1,304,0,0,cr,0,
17690,200,35:07.0,00:00.0,679,0,2,7,0,0,dr,0,
17691,500,36:04.5,00:00.0,W010,0,1,420,0,0,dr,0,
17692,20,40:56.7,00:00.0,120,0,1,425,0,0,cr,0,
17693,30,02:28.3,00:00.0,121,0,1,293,0,0,cr,0,
17694,50,06:13.5,00:00.0,122,0,1,452,0,0,cr,0,
17695,50,15:52.8,00:00.0,123,0,1,296,0,0,cr,0,
17696,40,16:54.2,00:00.0,124,0,1,392,0,0,cr,0,
17697,40,17:40.2,00:00.0,125,0,1,391,0,0,cr,0,
17698,180,24:18.0,00:00.0,126,0,1,449,0,0,cr,0,
17699,100,27:54.4,00:00.0,127,0,1,378,0,0,cr,0,
17700,50,36:33.8,00:00.0,128,0,1,332,0,0,cr,0,
17701,20,37:11.9,00:00.0,129,0,1,371,0,0,cr,0,
17702,20,38:05.8,00:00.0,130,0,3,460,0,0,cr,0,
17703,20,38:05.8,00:00.0,130,0,1,460,0,0,cr,0,
17704,50,39:16.7,00:00.0,131,0,1,7,0,0,cr,0,
17705,150,39:47.9,00:00.0,131,0,2,7,0,0,dr,0,
17706,50,40:42.0,00:00.0,681,0,3,460,0,0,cr,0,
17707,20,40:42.0,00:00.0,681,0,1,460,0,0,cr,0,
17708,2000,42:03.1,00:00.0,L009,0,2,332,480,0,cr,0,
17709,160,42:51.7,00:00.0,W011,0,1,435,0,0,dr,0,
17710,20,17:35.9,00:00.0,132,0,1,431,0,0,cr,0,
17711,200,18:32.5,00:00.0,133,0,2,375,0,0,dr,0,
17712,30,19:32.7,00:00.0,134,0,1,293,0,0,cr,0,
17713,45,20:13.3,00:00.0,135,0,1,378,0,0,cr,0,
17714,20,20:49.2,00:00.0,682,0,1,371,0,0,cr,0,
17715,120,21:42.4,00:00.0,683,0,1,449,0,0,cr,0,
17716,100,22:31.9,00:00.0,684,0,2,327,0,0,dr,0,
17717,100,23:30.9,00:00.0,685,0,3,411,0,0,cr,0,
17718,150,23:30.9,00:00.0,685,0,1,411,0,0,cr,0,
17719,200,24:43.3,00:00.0,686,0,1,464,0,0,cr,0,
17720,100,25:36.3,00:00.0,687,0,2,419,0,0,dr,0,
17721,40,26:58.4,00:00.0,688,0,1,454,0,0,cr,0,
17722,190,27:49.4,00:00.0,689,0,2,463,0,0,dr,0,
17723,50,28:56.0,00:00.0,690,0,1,304,0,0,cr,0,
17724,100,29:53.5,00:00.0,691,0,1,456,0,0,cr,0,
17725,150,30:40.5,00:00.0,692,0,2,7,0,0,dr,0,
17726,51,31:09.5,00:00.0,692,0,1,7,0,0,cr,0,
17727,500,35:09.7,00:00.0,W013,0,1,420,0,0,dr,0,
17728,50,44:24.9,00:00.0,136,0,1,388,0,0,cr,0,
17729,15,45:31.6,00:00.0,137,0,1,371,0,0,cr,0,
17730,50,46:00.9,00:00.0,138,0,1,409,0,0,cr,0,
17731,50,46:43.0,00:00.0,139,0,1,452,0,0,cr,0,
17732,50,47:24.4,00:00.0,140,0,1,391,0,0,cr,0,
17733,50,47:58.7,00:00.0,141,0,1,296,0,0,cr,0,
17734,50,48:24.6,00:00.0,142,0,1,392,0,0,cr,0,
17735,300,49:08.5,00:00.0,143,0,1,444,0,0,cr,0,
17736,400,49:08.5,00:00.0,143,0,3,444,0,0,cr,0,
17737,80,50:19.4,00:00.0,144,0,1,449,0,0,cr,0,
17738,30,50:52.2,00:00.0,145,0,1,293,0,0,cr,0,
17739,400,53:43.5,00:00.0,147,0,1,457,0,0,cr,0,
17740,120,54:32.4,00:00.0,148,0,2,419,0,0,dr,0,
17741,200,55:23.8,00:00.0,149,0,1,411,0,0,cr,0,
17742,20,56:10.2,00:00.0,150,0,1,320,0,0,cr,0,
17743,50,56:50.3,00:00.0,693,0,1,295,0,0,cr,0,
17744,50,57:35.2,00:00.0,694,0,1,7,0,0,cr,0,
17745,50,58:15.5,00:00.0,694,0,2,7,0,0,dr,0,
17746,60,59:05.4,00:00.0,696,0,3,475,0,0,cr,0,
17747,100,59:59.4,00:00.0,697,0,1,304,0,0,cr,0,
17748,2500,01:25.9,00:00.0,L010,0,2,420,300,0,cr,0,
18559,50,38:23.9,00:00.0,698,0,1,461,0,0,cr,0,
18560,20,40:49.1,00:00.0,699,0,1,306,0,0,cr,0,
18561,160,41:33.8,00:00.0,700,0,1,454,0,0,cr,0,
18562,50,42:26.5,00:00.0,601,0,1,409,0,0,cr,0,
18563,10,43:20.6,00:00.0,602,0,1,450,0,0,cr,0,
18564,50,44:05.2,00:00.0,604,0,1,296,0,0,cr,0,
18565,20,44:59.8,00:00.0,605,0,1,353,0,0,cr,0,
18566,50,46:09.4,00:00.0,606,0,1,392,0,0,cr,0,
18567,50,46:53.4,00:00.0,607,0,1,391,0,0,cr,0,
18568,50,47:58.3,00:00.0,608,0,1,452,0,0,cr,0,
18569,20,48:52.4,00:00.0,609,0,1,431,0,0,cr,0,
18570,50,51:20.5,00:00.0,610,0,1,473,0,0,cr,0,
18571,50,52:17.5,00:00.0,612,0,1,322,0,0,cr,0,
18572,100,56:55.7,00:00.0,613,0,1,411,0,0,cr,0,
18573,50,57:40.4,00:00.0,614,0,1,471,0,0,cr,0,
18574,50,59:25.8,00:00.0,615,0,1,7,0,0,cr,0,
18575,20,59:58.2,00:00.0,616,0,1,320,0,0,cr,0,
18576,50,00:43.8,00:00.0,617,0,1,304,0,0,cr,0,
18577,100,01:36.1,00:00.0,W014,0,1,420,0,0,dr,0,
18578,540,03:27.6,00:00.0,618,0,1,449,0,0,cr,0,
18579,15,05:10.6,00:00.0,619,0,1,371,0,0,cr,0,
18580,50,06:08.0,00:00.0,620,0,1,322,0,0,cr,0,
18581,50,07:32.6,00:00.0,621,0,1,304,0,0,cr,0,
18582,50,08:33.7,00:00.0,622,0,1,473,0,0,cr,0,
18583,100,09:33.1,00:00.0,623,0,3,17,0,0,cr,0,
18584,10,10:21.2,00:00.0,624,0,1,320,0,0,cr,0,
18585,100,53:04.8,00:00.0,625,0,2,327,0,0,dr,0,
18586,70,54:15.6,00:00.0,626,0,1,419,0,0,cr,0,
18587,100,55:06.4,00:00.0,627,0,1,304,0,0,cr,0,
18588,50,55:46.6,00:00.0,628,0,1,322,0,0,cr,0,
18589,30,56:30.7,00:00.0,629,0,1,7,0,0,cr,0,
18590,190,06:52.0,00:00.0,151,0,2,463,0,0,dr,0,
18591,50,13:45.2,00:00.0,152,0,1,392,0,0,cr,0,
18592,50,16:48.1,00:00.0,153,0,1,296,0,0,cr,0,
18593,50,18:34.0,00:00.0,154,0,1,391,0,0,cr,0,
18594,50,19:40.3,00:00.0,155,0,1,452,0,0,cr,0,
18595,100,20:19.9,00:00.0,157,0,1,322,0,0,cr,0,
18596,500,21:10.7,00:00.0,158,0,1,470,0,0,cr,0,
18597,10,22:03.5,00:00.0,159,0,1,419,0,0,cr,0,
18598,50,22:56.1,00:00.0,160,0,1,320,0,0,cr,0,
18599,100,23:35.4,00:00.0,161,0,1,304,0,0,cr,0,
18600,44,24:19.3,00:00.0,162,0,1,7,0,0,cr,0,
18601,30,25:08.9,00:00.0,163,0,1,1574,0,0,cr,0,
18602,20,25:56.8,00:00.0,164,0,1,422,0,0,cr,0,
18603,50,26:42.5,00:00.0,637,0,1,388,0,0,cr,0,
18604,20,27:27.1,00:00.0,630,0,1,370,0,0,cr,0,
18605,100,28:13.1,00:00.0,631,0,1,446,0,0,cr,0,
18606,20,28:50.1,00:00.0,632,0,1,371,0,0,cr,0,
18607,100,29:30.5,00:00.0,633,0,1,409,0,0,cr,0,
18608,200,30:11.8,00:00.0,634,0,2,375,0,0,dr,0,
18609,10,31:07.5,00:00.0,635,0,1,353,0,0,cr,0,
18610,100,31:56.6,00:00.0,636,0,1,449,0,0,cr,0,
18611,1000,56:11.3,00:00.0,165,0,1,358,0,0,cr,0,
18612,500,57:56.6,00:00.0,W015,0,1,411,0,0,dr,0,
18613,205,59:22.7,00:00.0,166,0,1,307,0,0,cr,0,
18614,30,01:03.4,00:00.0,167,0,1,318,0,0,cr,0,
18615,20,01:03.4,00:00.0,167,0,3,318,0,0,cr,0,
18616,120,04:02.4,00:00.0,W016,0,1,380,0,0,dr,0,
18617,93,06:32.6,00:00.0,W017,0,1,402,0,0,dr,0,
18618,70,07:34.4,00:00.0,W018,0,1,401,0,0,dr,0,
18619,240,09:35.0,00:00.0,W019,0,1,426,0,0,dr,0,
18620,327,12:30.6,00:00.0,W020,0,1,398,0,0,dr,0,
18621,30,13:41.5,00:00.0,168,0,1,3,0,0,cr,0,
18622,30,15:11.7,00:00.0,169,0,1,465,0,0,cr,0,
18623,1700,16:16.5,00:00.0,W021,0,1,449,0,0,dr,0,
18624,290,17:27.4,00:00.0,170,0,1,469,0,0,cr,0,
18625,300,18:26.3,00:00.0,W022,0,1,444,0,0,dr,0,
18626,40,19:28.2,00:00.0,171,0,1,465,0,0,cr,0,
18627,100,35:36.0,00:00.0,172,0,1,446,0,0,cr,0,
18628,200,36:45.7,00:00.0,173,0,1,409,0,0,cr,0,
18629,100,37:56.3,00:00.0,174,0,1,322,0,0,cr,0,
18630,441,38:57.8,00:00.0,175,0,1,7,0,0,cr,0,
18631,500,39:52.0,00:00.0,W023,0,1,444,0,0,dr,0,
18632,500,43:44.9,00:00.0,W024,0,1,358,0,0,dr,0,
18633,50,45:10.6,00:00.0,176,0,1,320,0,0,cr,0,
18634,190,46:41.2,00:00.0,177,0,1,468,0,0,cr,0,
18635,100,48:24.9,00:00.0,178,0,1,409,0,0,cr,0,
18636,50,49:22.2,00:00.0,179,0,1,409,0,0,cr,0,
18637,100,53:57.0,00:00.0,180,0,1,322,0,0,cr,0,
18638,2000,54:58.5,00:00.0,181,0,2,332,0,0,dr,0,
18639,800,00:31.2,00:00.0,W025,0,1,409,0,0,dr,0,
18640,100,02:12.7,00:00.0,182,0,1,7,0,0,cr,0,
18641,50,04:13.5,00:00.0,183,0,1,409,0,0,cr,0,
18642,50,06:42.5,00:00.0,184,0,1,467,0,0,cr,0,
18643,500,06:42.5,00:00.0,184,0,3,467,0,0,cr,0,
18644,600,08:39.0,00:00.0,186,0,1,420,0,0,cr,0,
18645,1000,09:40.3,00:00.0,186,0,2,420,0,0,dr,0,
18646,50,11:44.7,00:00.0,187,0,1,431,0,0,cr,0,
18647,40,16:52.9,00:00.0,188,0,3,329,0,0,cr,0,
18648,500,18:56.0,00:00.0,W026,0,1,412,0,0,dr,0,
18649,1000,23:39.5,00:00.0,L011,0,2,449,40,0,cr,0,
18650,100,25:49.3,00:00.0,189,0,1,322,0,0,cr,0,
18651,500,27:39.3,00:00.0,W027,0,1,306,0,0,dr,0,
18652,100,29:47.5,00:00.0,190,0,1,322,0,0,cr,0,
18653,200,30:41.5,00:00.0,191,0,1,435,0,0,cr,0,
18654,10,31:28.2,00:00.0,192,0,1,450,0,0,cr,0,
18655,100,43:22.4,00:00.0,193,0,1,409,0,0,cr,0,
18656,50,46:41.2,00:00.0,194,0,1,431,0,0,cr,0,
18657,70,57:51.4,00:00.0,195,0,1,307,0,0,cr,0,
18658,50,58:57.2,00:00.0,196,0,1,318,0,0,cr,0,
18659,100,01:16.5,00:00.0,197,0,1,409,0,0,cr,0,
18660,100,03:00.4,00:00.0,198,0,1,392,0,0,cr,0,
18661,500,03:31.8,00:00.0,199,0,1,296,0,0,cr,0,
18662,100,04:10.6,00:00.0,200,0,1,391,0,0,cr,0,
18663,150,04:51.5,00:00.0,201,0,1,457,0,0,cr,0,
18664,100,05:39.7,00:00.0,202,0,1,378,0,0,cr,0,
18665,280,06:25.3,00:00.0,W028,0,1,435,0,0,dr,0,
18666,100,07:25.7,00:00.0,203,0,1,452,0,0,cr,0,
18667,50,32:58.0,00:00.0,204,0,1,409,0,0,cr,0,
18668,30,34:22.5,00:00.0,205,0,1,307,0,0,cr,0,
18669,30,35:01.7,00:00.0,206,0,1,318,0,0,cr,0,
18670,220,39:08.1,00:00.0,207,0,1,476,0,0,cr,0,
18671,600,39:46.7,00:00.0,208,0,1,383,0,0,cr,0,
18672,170,39:46.7,00:00.0,208,0,3,383,0,0,cr,0,
18673,20,43:10.2,00:00.0,209,0,1,460,0,0,cr,0,
18674,30,43:10.2,00:00.0,209,0,3,460,0,0,cr,0,
18675,100,58:55.7,00:00.0,210,0,1,452,0,0,cr,0,
18676,100,59:45.8,00:00.0,211,0,1,392,0,0,cr,0,
18677,100,03:19.8,00:00.0,212,0,1,391,0,0,cr,0,
18678,50,05:51.5,00:00.0,213,0,1,296,0,0,cr,0,
18679,50,06:46.3,00:00.0,214,0,1,409,0,0,cr,0,
18680,770,10:04.8,00:00.0,215,0,1,414,0,0,cr,0,
18681,3180,11:28.6,00:00.0,215,0,1,7,0,0,cr,0,
18682,4000,23:23.1,00:00.0,L012,0,2,420,960,0,cr,0,
18683,94,25:53.9,00:00.0,216,0,2,463,0,0,dr,0,
18684,50,29:10.5,00:00.0,217,0,1,485,0,0,cr,0,
18685,100,30:18.6,00:00.0,218,0,1,409,0,0,cr,0,
18686,20,31:01.9,00:00.0,219,0,1,471,0,0,cr,0,
18687,20,34:33.4,00:00.0,220,0,1,371,0,0,cr,0,
18688,200,37:38.5,00:00.0,222,0,1,391,0,0,cr,0,
18689,200,38:54.7,00:00.0,223,0,1,392,0,0,cr,0,
18690,200,39:34.1,00:00.0,224,0,1,452,0,0,cr,0,
18691,50,40:12.9,00:00.0,225,0,1,296,0,0,cr,0,
18692,20,42:24.1,00:00.0,227,0,1,307,0,0,cr,0,
18693,20,43:41.5,00:00.0,228,0,1,318,0,0,cr,0,
18694,10,44:20.5,00:00.0,229,0,1,419,0,0,cr,0,
18695,1400,45:04.2,00:00.0,L013,0,2,419,168,0,cr,0,
18696,4900,02:24.3,00:00.0,230,0,1,3,0,0,cr,0,
18697,15,03:47.5,00:00.0,231,0,1,371,0,0,cr,0,
18698,40,04:28.4,00:00.0,232,0,1,471,0,0,cr,0,
18699,50,05:02.0,00:00.0,233,0,2,419,0,0,dr,0,
18700,100,05:58.7,00:00.0,234,0,1,391,0,0,cr,0,
18701,100,06:32.2,00:00.0,235,0,1,452,0,0,cr,0,
18702,100,07:00.8,00:00.0,236,0,1,392,0,0,cr,0,
18703,20,10:15.6,00:00.0,237,0,1,379,0,0,cr,0,
18704,30,10:48.5,00:00.0,238,0,1,318,0,0,cr,0,
18705,30,12:06.4,00:00.0,240,0,1,307,0,0,cr,0,
18706,100,35:22.4,00:00.0,241,0,1,444,0,0,cr,0,
18707,50,38:36.8,00:00.0,243,0,1,471,0,0,cr,0,
18708,50,43:28.5,00:00.0,244,0,1,484,0,0,cr,0,
18709,50,44:52.9,00:00.0,245,0,1,400,0,0,cr,0,
18710,80,50:41.9,00:00.0,247,0,1,379,0,0,cr,0,
18711,300,54:40.1,00:00.0,248,0,2,449,0,0,dr,0,
18712,100,55:38.0,00:00.0,246,0,2,449,0,0,dr,0,
18713,50,00:45.8,00:00.0,249,0,2,419,0,0,dr,0,
18714,50,02:41.3,00:00.0,250,0,3,416,0,0,cr,0,
18715,50,04:11.3,00:00.0,638,0,1,14,0,0,cr,0,
18716,50,08:01.4,00:00.0,639,0,1,415,0,0,cr,0,
18717,50,08:45.5,00:00.0,640,0,1,416,0,0,cr,0,
18718,50,38:22.4,00:00.0,641,0,1,460,0,0,cr,0,
18719,10,38:22.4,00:00.0,641,0,3,460,0,0,cr,0,
18720,20,42:02.7,00:00.0,642,0,3,307,0,0,cr,0,
18721,40,42:02.7,00:00.0,642,0,1,307,0,0,cr,0,
18722,20,43:12.8,00:00.0,643,0,1,318,0,0,cr,0,
18723,20,43:12.8,00:00.0,643,0,3,318,0,0,cr,0,
18724,20,44:23.6,00:00.0,644,0,1,471,0,0,cr,0,
18725,20,45:06.5,00:00.0,645,0,1,484,0,0,cr,0,
18726,50,45:43.9,00:00.0,646,0,1,389,0,0,cr,0,
18727,50,46:43.8,00:00.0,647,0,1,468,0,0,cr,0,
18728,100,47:54.1,00:00.0,W029,0,1,332,0,0,dr,0,
18729,500,01:41.6,00:00.0,648,0,1,470,0,0,cr,0,
18730,50,14:03.2,00:00.0,649,0,2,419,0,0,dr,0,
18731,250,15:04.1,00:00.0,650,0,1,7,0,0,cr,0,
18732,30,15:51.2,00:00.0,1051,0,1,17,0,0,cr,0,
18733,250,17:32.1,00:00.0,W030,0,1,465,0,0,dr,0,
18734,2000,18:53.2,00:00.0,L0014,0,2,20,240,0,cr,0,
18735,100,45:34.4,00:00.0,1052,0,1,470,0,0,cr,0,
18736,20,48:37.4,00:00.0,1053,0,1,386,0,0,cr,0,
18737,100,51:17.6,00:00.0,1054,0,1,307,0,0,cr,0,
18738,20,51:17.6,00:00.0,1054,0,3,307,0,0,cr,0,
18739,20,53:41.2,00:00.0,1055,0,3,329,0,0,cr,0,
18740,50,54:41.7,00:00.0,1056,0,1,318,0,0,cr,0,
18741,10,54:41.7,00:00.0,1056,0,3,318,0,0,cr,0,
18742,20,15:27.4,00:00.0,1058,0,1,307,0,0,cr,0,
18743,50,16:31.6,00:00.0,1059,0,1,470,0,0,cr,0,
18744,10,17:08.0,00:00.0,1060,0,1,318,0,0,cr,0,
18745,100,17:45.6,00:00.0,1061,0,1,465,0,0,cr,0,
18746,40,18:40.5,00:00.0,1062,0,1,318,0,0,cr,0,
18747,40,19:43.6,00:00.0,1063,0,1,484,0,0,cr,0,
18748,40,20:15.7,00:00.0,1064,0,1,471,0,0,cr,0,
18749,50,21:04.9,00:00.0,1065,0,1,483,0,0,cr,0,
18750,50,21:04.9,00:00.0,1065,0,3,483,0,0,cr,0,
18751,150,22:22.9,00:00.0,W032,0,1,378,0,0,dr,0,
18752,300,23:27.0,00:00.0,1066,0,1,409,0,0,cr,0,
18753,200,24:05.1,00:00.0,1067,0,1,446,0,0,cr,0,
18754,50,24:37.6,00:00.0,1068,0,1,483,0,0,cr,0,
18755,50,24:37.6,00:00.0,1068,0,3,483,0,0,cr,0,
18756,100,39:37.5,00:00.0,1070,0,1,485,0,0,cr,0,
18757,200,39:37.5,00:00.0,1070,0,3,485,0,0,cr,0,
18758,20,41:14.7,00:00.0,1071,0,1,318,0,0,cr,0,
18759,10,41:14.7,00:00.0,1071,0,3,318,0,0,cr,0,
18760,10,42:08.0,00:00.0,1072,0,1,307,0,0,cr,0,
18761,100,55:08.7,00:00.0,1073,0,1,483,0,0,cr,0,
18762,240,56:30.0,00:00.0,1081,0,2,449,0,0,dr,0,
18763,200,57:22.0,00:00.0,1075,0,1,409,0,0,cr,0,
18764,40,58:04.8,00:00.0,1076,0,1,307,0,0,cr,0,
18765,850,59:10.0,00:00.0,1077,0,1,411,0,0,cr,0,
18766,50,00:00.5,00:00.0,1079,0,1,17,0,0,cr,0,
18767,50,00:54.4,00:00.0,1080,0,1,318,0,0,cr,0,
18768,800,07:11.0,00:00.0,W033,0,1,438,0,0,dr,0,
18769,420,08:37.0,00:00.0,W034,0,2,449,0,0,dr,0,
18770,420,30:38.9,00:00.0,W034,0,1,449,0,0,dr,0,
18771,20,31:50.4,00:00.0,1083,0,1,425,0,0,cr,0,
18772,10,31:50.4,00:00.0,1083,0,3,425,0,0,cr,0,
18773,20,33:25.0,00:00.0,1084,0,1,318,0,0,cr,0,
18774,10,34:04.3,00:00.0,1085,0,1,307,0,0,cr,0,
18775,10,34:04.3,00:00.0,1085,0,3,307,0,0,cr,0,
18776,1638,37:05.2,00:00.0,W035,0,1,375,0,0,dr,0,
18777,1488,37:34.6,00:00.0,W035,0,2,375,0,0,dr,0,
18778,150,40:00.3,00:00.0,W035,0,2,375,0,0,cr,0,
18779,150,40:43.0,00:00.0,W035,0,2,375,0,0,dr,0,
18780,150,42:19.5,00:00.0,1086,0,1,411,0,0,cr,0,
18781,20,43:39.4,00:00.0,1087,0,1,371,0,0,cr,0,
18782,10,44:17.0,00:00.0,1088,0,1,318,0,0,cr,0,
18783,10,44:17.0,00:00.0,1088,0,3,318,0,0,cr,0,
18784,10,45:17.6,00:00.0,1089,0,1,307,0,0,cr,0,
18785,10,45:17.6,00:00.0,1089,0,3,307,0,0,cr,0,
18786,100,46:18.4,00:00.0,1090,0,1,483,0,0,cr,0,
18787,50,46:52.4,00:00.0,1090,0,3,483,0,0,cr,0,
18788,10,47:36.0,00:00.0,1091,0,1,353,0,0,cr,0,
18789,500,54:11.5,00:00.0,1092,0,1,391,0,0,cr,0,
18790,500,55:36.4,00:00.0,1093,0,1,392,0,0,cr,0,
18791,190,56:38.7,00:00.0,1096,0,1,480,0,0,cr,0,
18792,190,57:31.3,00:00.0,1097,0,1,479,0,0,cr,0,
18793,200,58:14.1,00:00.0,1098,0,1,414,0,0,cr,0,
18794,200,58:51.7,00:00.0,1099,0,1,465,0,0,cr,0,
18795,200,59:52.2,00:00.0,1100,0,1,468,0,0,cr,0,
18796,190,00:29.0,00:00.0,1351,0,1,478,0,0,cr,0,
18797,10,01:13.0,00:00.0,1352,0,1,371,0,0,cr,0,
18798,10,01:51.7,00:00.0,1094,0,1,318,0,0,cr,0,
18799,10,01:51.7,00:00.0,1094,0,3,318,0,0,cr,0,
18800,10,02:59.8,00:00.0,1095,0,1,307,0,0,cr,0,
18801,10,02:59.8,00:00.0,1095,0,3,307,0,0,cr,0,
